First matrix
1000 5
0.24 0.10 0.14 0.24 0.22 
0.24 0.09 0.24 0.25 0.12 
0.15 0.28 0.08 0.15 0.25 
0.27 0.23 0.25 0.18 0.00 
0.14 0.12 0.25 0.17 0.27 
0.15 0.27 0.23 0.15 0.15 
0.15 0.27 0.23 0.11 0.19 
0.11 0.24 0.27 0.10 0.21 
0.20 0.10 0.21 0.27 0.14 
0.16 0.06 0.24 0.24 0.21 
0.15 0.17 0.22 0.27 0.14 
0.16 0.08 0.28 0.22 0.18 
0.22 0.18 0.24 0.11 0.17 
0.14 0.27 0.17 0.09 0.24 
0.26 0.07 0.16 0.25 0.16 
0.26 0.23 0.18 0.13 0.15 
0.18 0.22 0.32 0.07 0.15 
0.26 0.15 0.16 0.18 0.19 
0.26 0.10 0.23 0.27 0.08 
0.18 0.25 0.21 0.13 0.13 
0.20 0.22 0.06 0.26 0.17 
0.26 0.29 0.11 0.06 0.19 
0.25 0.00 0.13 0.27 0.26 
0.22 0.09 0.09 0.24 0.29 
0.27 0.14 0.18 0.15 0.16 
0.23 0.33 0.09 0.16 0.13 
0.22 0.23 0.19 0.10 0.17 
0.22 0.23 0.12 0.20 0.19 
0.21 0.21 0.11 0.16 0.23 
0.14 0.27 0.14 0.21 0.18 
0.21 0.13 0.11 0.25 0.21 
0.23 0.11 0.21 0.17 0.22 
0.27 0.18 0.20 0.18 0.09 
0.21 0.16 0.14 0.16 0.24 
0.27 0.22 0.11 0.21 0.15 
0.00 0.12 0.34 0.18 0.29 
0.28 0.13 0.17 0.15 0.21 
0.17 0.26 0.23 0.19 0.10 
0.26 0.14 0.17 0.26 0.10 
0.04 0.17 0.14 0.27 0.31 
0.24 0.24 0.28 0.04 0.14 
0.17 0.08 0.19 0.29 0.21 
0.29 0.15 0.03 0.26 0.21 
0.24 0.22 0.17 0.20 0.09 
0.28 0.08 0.20 0.23 0.14 
0.20 0.23 0.10 0.14 0.28 
0.23 0.18 0.29 0.17 0.06 
0.20 0.12 0.24 0.18 0.17 
0.21 0.30 0.13 0.13 0.17 
0.33 0.08 0.07 0.18 0.26 
0.23 0.12 0.17 0.15 0.24 
0.29 0.19 0.00 0.22 0.23 
0.22 0.18 0.14 0.14 0.22 
0.27 0.12 0.19 0.26 0.07 
0.19 0.34 0.22 0.09 0.10 
0.24 0.18 0.21 0.18 0.16 
0.27 0.00 0.30 0.14 0.21 
0.21 0.27 0.21 0.10 0.16 
0.09 0.11 0.26 0.24 0.19 
0.22 0.16 0.21 0.13 0.19 
0.15 0.24 0.10 0.14 0.29 
0.25 0.19 0.12 0.20 0.18 
0.25 0.18 0.19 0.14 0.16 
0.20 0.16 0.15 0.26 0.13 
0.15 0.19 0.20 0.16 0.22 
0.20 0.15 0.19 0.16 0.23 
0.15 0.05 0.28 0.30 0.15 
0.21 0.16 0.21 0.13 0.22 
0.14 0.14 0.16 0.23 0.24 
0.08 0.23 0.15 0.31 0.18 
0.24 0.14 0.30 0.25 0.00 
0.22 0.14 0.07 0.32 0.15 
0.19 0.15 0.17 0.21 0.22 
0.19 0.15 0.14 0.28 0.17 
0.16 0.24 0.17 0.21 0.13 
0.22 0.21 0.22 0.10 0.18 
0.23 0.13 0.18 0.11 0.26 
0.30 0.29 0.09 0.06 0.18 
0.12 0.14 0.31 0.08 0.25 
0.00 0.16 0.27 0.34 0.21 
0.28 0.13 0.24 0.18 0.08 
0.17 0.07 0.19 0.27 0.24 
0.16 0.18 0.17 0.13 0.27 
0.19 0.19 0.18 0.24 0.14 
0.16 0.12 0.28 0.12 0.24 
0.12 0.10 0.31 0.18 0.25 
0.13 0.07 0.20 0.22 0.30 
0.12 0.28 0.27 0.17 0.10 
0.16 0.14 0.17 0.23 0.23 
0.22 0.19 0.20 0.04 0.28 
0.23 0.20 0.08 0.22 0.20 
0.24 0.18 0.18 0.17 0.14 
0.07 0.38 0.15 0.14 0.17 
0.18 0.12 0.19 0.18 0.25 
0.31 0.13 0.10 0.25 0.15 
0.24 0.19 0.18 0.19 0.13 
0.23 0.18 0.11 0.12 0.29 
0.09 0.10 0.17 0.26 0.33 
0.30 0.19 0.13 0.23 0.12 
0.26 0.03 0.22 0.14 0.26 
0.15 0.26 0.17 0.16 0.18 
0.33 0.29 0.17 0.10 0.00 
0.08 0.18 0.27 0.11 0.27 
0.17 0.15 0.26 0.19 0.17 
0.19 0.18 0.28 0.13 0.16 
0.21 0.11 0.30 0.19 0.10 
0.26 0.17 0.23 0.06 0.22 
0.17 0.20 0.20 0.10 0.25 
0.24 0.29 0.10 0.11 0.17 
0.24 0.24 0.11 0.20 0.13 
0.17 0.17 0.26 0.11 0.22 
0.31 0.12 0.25 0.13 0.13 
0.27 0.24 0.21 0.10 0.09 
0.14 0.18 0.39 0.16 0.02 
0.26 0.16 0.19 0.09 0.23 
0.11 0.15 0.15 0.38 0.14 
0.23 0.15 0.22 0.31 0.05 
0.23 0.00 0.11 0.32 0.28 
0.25 0.19 0.16 0.20 0.12 
0.23 0.14 0.28 0.14 0.16 
0.27 0.16 0.17 0.22 0.12 
0.24 0.07 0.23 0.22 0.14 
0.20 0.22 0.11 0.20 0.21 
0.21 0.15 0.19 0.19 0.16 
0.22 0.14 0.22 0.15 0.21 
0.11 0.18 0.18 0.31 0.14 
0.10 0.22 0.24 0.19 0.20 
0.23 0.12 0.27 0.13 0.20 
0.14 0.13 0.23 0.21 0.20 
0.02 0.26 0.17 0.28 0.22 
0.17 0.28 0.22 0.09 0.17 
0.22 0.14 0.19 0.23 0.14 
0.34 0.20 0.12 0.09 0.17 
0.22 0.22 0.22 0.09 0.18 
0.21 0.19 0.19 0.14 0.22 
0.23 0.27 0.04 0.31 0.12 
0.16 0.14 0.25 0.13 0.25 
0.20 0.15 0.33 0.11 0.15 
0.23 0.20 0.19 0.16 0.18 
0.29 0.14 0.22 0.20 0.11 
0.22 0.10 0.12 0.32 0.17 
0.10 0.19 0.24 0.14 0.25 
0.17 0.16 0.18 0.14 0.28 
0.26 0.14 0.27 0.14 0.10 
0.13 0.24 0.17 0.27 0.11 
0.19 0.15 0.14 0.19 0.26 
0.26 0.20 0.25 0.06 0.17 
0.32 0.07 0.16 0.18 0.19 
0.33 0.18 0.03 0.25 0.16 
0.17 0.15 0.19 0.14 0.24 
0.07 0.15 0.18 0.26 0.26 
0.28 0.21 0.17 0.13 0.11 
0.18 0.21 0.14 0.20 0.20 
0.23 0.22 0.08 0.27 0.13 
0.15 0.33 0.13 0.23 0.09 
0.19 0.26 0.09 0.17 0.20 
0.31 0.25 0.16 0.13 0.11 
0.23 0.19 0.22 0.14 0.18 
0.20 0.21 0.07 0.27 0.19 
0.26 0.17 0.09 0.22 0.17 
0.19 0.17 0.30 0.05 0.18 
0.00 0.28 0.28 0.28 0.11 
0.17 0.24 0.14 0.00 0.34 
0.20 0.23 0.16 0.10 0.25 
0.11 0.23 0.23 0.12 0.23 
0.09 0.23 0.19 0.22 0.22 
0.16 0.22 0.12 0.22 0.20 
0.17 0.18 0.28 0.11 0.18 
0.18 0.27 0.18 0.12 0.18 
0.18 0.18 0.14 0.27 0.16 
0.27 0.21 0.23 0.10 0.14 
0.17 0.23 0.16 0.14 0.26 
0.27 0.11 0.03 0.30 0.22 
0.25 0.17 0.17 0.21 0.13 
0.16 0.16 0.20 0.20 0.17 
0.14 0.18 0.31 0.12 0.20 
0.14 0.24 0.16 0.21 0.17 
0.22 0.19 0.25 0.14 0.11 
0.11 0.15 0.42 0.21 0.08 
0.17 0.21 0.20 0.15 0.20 
0.15 0.18 0.24 0.28 0.11 
0.26 0.12 0.12 0.22 0.18 
0.14 0.17 0.21 0.17 0.23 
0.26 0.14 0.05 0.14 0.32 
0.18 0.05 0.34 0.19 0.18 
0.30 0.11 0.09 0.22 0.22 
0.16 0.12 0.23 0.24 0.17 
0.19 0.28 0.09 0.16 0.20 
0.00 0.30 0.24 0.20 0.21 
0.27 0.11 0.18 0.25 0.11 
0.20 0.24 0.13 0.13 0.26 
0.17 0.23 0.25 0.15 0.14 
0.21 0.11 0.29 0.14 0.16 
0.13 0.14 0.28 0.25 0.14 
0.19 0.22 0.23 0.18 0.15 
0.25 0.24 0.16 0.17 0.11 
0.27 0.18 0.22 0.07 0.17 
0.20 0.18 0.26 0.07 0.20 
0.15 0.12 0.17 0.16 0.33 
0.14 0.11 0.39 0.13 0.14 
0.14 0.08 0.28 0.19 0.23 
0.26 0.12 0.24 0.14 0.14 
0.09 0.15 0.29 0.14 0.27 
0.27 0.22 0.13 0.15 0.17 
0.23 0.08 0.26 0.23 0.13 
0.12 0.17 0.16 0.25 0.24 
0.20 0.20 0.12 0.21 0.23 
0.17 0.23 0.17 0.15 0.18 
0.17 0.08 0.28 0.18 0.22 
0.23 0.23 0.12 0.23 0.14 
0.13 0.15 0.29 0.13 0.21 
0.13 0.22 0.16 0.19 0.25 
0.18 0.09 0.14 0.23 0.29 
0.18 0.11 0.14 0.24 0.24 
0.29 0.20 0.11 0.14 0.17 
0.26 0.26 0.20 0.14 0.08 
0.17 0.26 0.14 0.21 0.17 
0.13 0.24 0.29 0.11 0.15 
0.12 0.11 0.21 0.20 0.28 
0.18 0.15 0.23 0.14 0.21 
0.21 0.23 0.17 0.03 0.25 
0.15 0.27 0.19 0.18 0.18 
0.21 0.17 0.21 0.16 0.18 
0.25 0.10 0.21 0.13 0.24 
0.20 0.17 0.23 0.20 0.17 
0.12 0.10 0.17 0.19 0.33 
0.28 0.19 0.00 0.27 0.22 
0.28 0.12 0.20 0.12 0.19 
0.23 0.21 0.16 0.10 0.23 
0.06 0.18 0.25 0.19 0.22 
0.11 0.26 0.22 0.26 0.09 
0.17 0.15 0.21 0.20 0.20 
0.19 0.13 0.20 0.24 0.17 
0.16 0.14 0.21 0.16 0.22 
0.16 0.23 0.25 0.15 0.16 
0.28 0.20 0.08 0.18 0.20 
0.17 0.22 0.14 0.18 0.23 
0.07 0.19 0.21 0.16 0.30 
0.22 0.13 0.22 0.16 0.19 
0.23 0.32 0.16 0.13 0.09 
0.23 0.32 0.13 0.20 0.07 
0.12 0.17 0.03 0.27 0.35 
0.26 0.15 0.21 0.18 0.15 
0.33 0.29 0.15 0.09 0.07 
0.23 0.09 0.17 0.19 0.23 
0.23 0.06 0.26 0.25 0.16 
0.19 0.17 0.22 0.16 0.16 
0.11 0.19 0.18 0.28 0.19 
0.12 0.13 0.23 0.28 0.17 
0.21 0.19 0.17 0.16 0.19 
0.22 0.20 0.15 0.22 0.15 
0.10 0.11 0.24 0.20 0.24 
0.20 0.32 0.12 0.17 0.18 
0.14 0.28 0.31 0.11 0.07 
0.21 0.13 0.21 0.22 0.16 
0.28 0.14 0.20 0.17 0.12 
0.10 0.17 0.25 0.20 0.19 
0.31 0.13 0.12 0.20 0.16 
0.25 0.17 0.15 0.16 0.19 
0.20 0.17 0.08 0.20 0.28 
0.09 0.11 0.29 0.21 0.24 
0.27 0.15 0.22 0.09 0.18 
0.10 0.18 0.21 0.15 0.25 
0.16 0.09 0.31 0.17 0.19 
0.27 0.26 0.17 0.10 0.12 
0.28 0.15 0.15 0.10 0.24 
0.23 0.25 0.13 0.14 0.17 
0.16 0.17 0.25 0.19 0.16 
0.13 0.23 0.18 0.15 0.27 
0.13 0.09 0.28 0.18 0.24 
0.22 0.19 0.10 0.30 0.11 
0.22 0.10 0.23 0.13 0.21 
0.24 0.13 0.35 0.12 0.10 
0.29 0.11 0.21 0.22 0.09 
0.24 0.18 0.15 0.13 0.24 
0.32 0.29 0.19 0.12 0.02 
0.26 0.13 0.16 0.24 0.16 
0.28 0.16 0.15 0.20 0.17 
0.13 0.13 0.33 0.10 0.21 
0.24 0.23 0.14 0.20 0.13 
0.27 0.20 0.23 0.00 0.22 
0.22 0.13 0.16 0.16 0.23 
0.18 0.35 0.15 0.10 0.15 
0.21 0.16 0.09 0.28 0.19 
0.32 0.16 0.18 0.12 0.13 
0.21 0.24 0.21 0.17 0.12 
0.30 0.16 0.00 0.27 0.19 
0.26 0.23 0.00 0.18 0.28 
0.24 0.24 0.08 0.25 0.14 
0.17 0.14 0.12 0.33 0.18 
0.23 0.25 0.02 0.19 0.19 
0.15 0.12 0.23 0.23 0.20 
0.24 0.13 0.17 0.18 0.24 
0.03 0.23 0.22 0.30 0.19 
0.27 0.04 0.19 0.17 0.25 
0.17 0.17 0.21 0.21 0.15 
0.27 0.12 0.20 0.20 0.13 
0.17 0.12 0.20 0.18 0.26 
0.15 0.23 0.23 0.23 0.10 
0.13 0.19 0.28 0.17 0.15 
0.16 0.10 0.19 0.18 0.29 
0.23 0.06 0.22 0.19 0.22 
0.00 0.20 0.37 0.11 0.24 
0.21 0.21 0.19 0.15 0.17 
0.12 0.07 0.21 0.13 0.36 
0.28 0.11 0.25 0.14 0.14 
0.21 0.26 0.16 0.15 0.18 
0.18 0.18 0.11 0.20 0.27 
0.19 0.21 0.09 0.27 0.21 
0.29 0.19 0.10 0.19 0.18 
0.09 0.18 0.20 0.26 0.17 
0.19 0.18 0.16 0.23 0.18 
0.21 0.20 0.13 0.20 0.20 
0.24 0.08 0.21 0.23 0.20 
0.22 0.12 0.23 0.11 0.23 
0.23 0.18 0.14 0.24 0.15 
0.20 0.15 0.09 0.28 0.21 
0.28 0.09 0.19 0.08 0.27 
0.17 0.26 0.13 0.25 0.14 
0.21 0.18 0.23 0.18 0.14 
0.15 0.19 0.19 0.21 0.17 
0.15 0.12 0.28 0.17 0.17 
0.25 0.25 0.24 0.10 0.08 
0.08 0.16 0.20 0.18 0.29 
0.16 0.09 0.26 0.24 0.15 
0.18 0.17 0.14 0.23 0.20 
0.31 0.11 0.22 0.16 0.15 
0.17 0.26 0.15 0.17 0.17 
0.21 0.18 0.11 0.27 0.17 
0.14 0.14 0.28 0.20 0.18 
0.11 0.23 0.23 0.10 0.28 
0.18 0.21 0.18 0.08 0.28 
0.19 0.25 0.22 0.13 0.13 
0.17 0.24 0.15 0.25 0.13 
0.23 0.23 0.23 0.12 0.09 
0.09 0.14 0.15 0.24 0.32 
0.22 0.23 0.17 0.17 0.15 
0.18 0.16 0.17 0.20 0.26 
0.19 0.10 0.25 0.18 0.23 
0.14 0.17 0.14 0.25 0.21 
0.14 0.23 0.24 0.08 0.22 
0.26 0.23 0.10 0.16 0.19 
0.08 0.15 0.29 0.26 0.16 
0.23 0.17 0.20 0.10 0.23 
0.09 0.20 0.24 0.25 0.13 
0.24 0.21 0.09 0.31 0.10 
0.23 0.10 0.11 0.24 0.26 
0.17 0.06 0.23 0.23 0.22 
0.23 0.18 0.27 0.09 0.17 
0.13 0.24 0.23 0.14 0.18 
0.08 0.19 0.28 0.22 0.15 
0.15 0.22 0.25 0.21 0.09 
0.29 0.22 0.07 0.19 0.14 
0.24 0.19 0.19 0.16 0.16 
0.28 0.17 0.19 0.16 0.13 
0.16 0.15 0.15 0.16 0.31 
0.17 0.16 0.14 0.25 0.21 
0.22 0.21 0.22 0.22 0.10 
0.19 0.11 0.20 0.25 0.17 
0.25 0.10 0.15 0.24 0.18 
0.26 0.11 0.16 0.26 0.14 
0.31 0.28 0.12 0.11 0.12 
0.08 0.28 0.12 0.21 0.23 
0.00 0.19 0.41 0.18 0.15 
0.18 0.19 0.14 0.23 0.20 
0.31 0.16 0.10 0.18 0.15 
0.20 0.16 0.14 0.19 0.19 
0.13 0.10 0.11 0.33 0.28 
0.07 0.20 0.29 0.20 0.16 
0.06 0.10 0.12 0.37 0.29 
0.25 0.37 0.06 0.14 0.11 
0.19 0.17 0.31 0.14 0.11 
0.28 0.07 0.19 0.22 0.15 
0.29 0.19 0.19 0.15 0.09 
0.18 0.24 0.08 0.23 0.22 
0.19 0.23 0.16 0.11 0.24 
0.23 0.17 0.10 0.13 0.27 
0.23 0.15 0.12 0.30 0.12 
0.27 0.20 0.18 0.19 0.09 
0.21 0.20 0.20 0.13 0.20 
0.10 0.14 0.28 0.27 0.11 
0.32 0.20 0.24 0.09 0.09 
0.14 0.18 0.20 0.12 0.27 
0.18 0.18 0.20 0.09 0.24 
0.24 0.33 0.13 0.03 0.18 
0.16 0.23 0.26 0.16 0.15 
0.25 0.18 0.13 0.30 0.07 
0.28 0.19 0.16 0.16 0.11 
0.08 0.26 0.25 0.21 0.14 
0.10 0.17 0.35 0.17 0.15 
0.19 0.16 0.15 0.15 0.27 
0.08 0.16 0.22 0.28 0.20 
0.22 0.15 0.18 0.16 0.23 
0.16 0.20 0.09 0.27 0.22 
0.12 0.12 0.25 0.24 0.20 
0.16 0.32 0.22 0.11 0.14 
0.29 0.23 0.09 0.14 0.19 
0.14 0.21 0.23 0.16 0.19 
0.12 0.11 0.23 0.16 0.31 
0.31 0.29 0.13 0.12 0.06 
0.22 0.17 0.22 0.18 0.12 
0.14 0.22 0.13 0.26 0.18 
0.30 0.13 0.15 0.13 0.25 
0.12 0.26 0.28 0.13 0.14 
0.21 0.19 0.19 0.09 0.21 
0.16 0.17 0.17 0.22 0.22 
0.12 0.24 0.33 0.16 0.10 
0.19 0.15 0.22 0.13 0.24 
0.16 0.15 0.19 0.21 0.20 
0.19 0.16 0.29 0.14 0.16 
0.22 0.17 0.19 0.10 0.25 
0.17 0.17 0.28 0.11 0.21 
0.14 0.15 0.17 0.21 0.26 
0.26 0.19 0.28 0.05 0.16 
0.15 0.30 0.20 0.16 0.12 
0.21 0.21 0.19 0.10 0.20 
0.14 0.23 0.27 0.18 0.11 
0.20 0.16 0.32 0.14 0.10 
0.20 0.17 0.16 0.15 0.24 
0.09 0.35 0.18 0.19 0.14 
0.14 0.14 0.27 0.12 0.23 
0.19 0.19 0.11 0.18 0.26 
0.22 0.19 0.19 0.14 0.16 
0.26 0.18 0.19 0.13 0.15 
0.21 0.14 0.17 0.25 0.18 
0.07 0.20 0.22 0.21 0.23 
0.11 0.16 0.38 0.08 0.18 
0.21 0.14 0.18 0.16 0.21 
0.16 0.28 0.18 0.22 0.12 
0.14 0.22 0.31 0.09 0.15 
0.25 0.17 0.22 0.21 0.08 
0.19 0.04 0.21 0.20 0.27 
0.17 0.13 0.16 0.19 0.27 
0.10 0.14 0.28 0.21 0.21 
0.25 0.15 0.20 0.18 0.13 
0.15 0.25 0.16 0.22 0.16 
0.22 0.23 0.23 0.19 0.07 
0.18 0.27 0.19 0.20 0.14 
0.19 0.21 0.11 0.23 0.19 
0.24 0.28 0.08 0.22 0.10 
0.00 0.15 0.28 0.16 0.34 
0.25 0.13 0.20 0.15 0.18 
0.22 0.18 0.27 0.11 0.14 
0.26 0.17 0.15 0.18 0.16 
0.26 0.26 0.14 0.13 0.12 
0.12 0.11 0.31 0.13 0.26 
0.23 0.24 0.25 0.10 0.11 
0.17 0.29 0.13 0.18 0.17 
0.08 0.06 0.29 0.29 0.19 
0.13 0.25 0.18 0.26 0.11 
0.30 0.10 0.17 0.21 0.16 
0.20 0.22 0.20 0.11 0.23 
0.16 0.16 0.22 0.29 0.11 
0.15 0.13 0.21 0.09 0.31 
0.21 0.28 0.11 0.19 0.15 
0.27 0.10 0.14 0.26 0.19 
0.20 0.15 0.24 0.21 0.13 
0.20 0.17 0.29 0.13 0.13 
0.09 0.19 0.33 0.16 0.14 
0.19 0.10 0.12 0.21 0.32 
0.19 0.15 0.13 0.17 0.31 
0.25 0.23 0.07 0.12 0.24 
0.20 0.12 0.10 0.22 0.27 
0.15 0.13 0.22 0.19 0.24 
0.00 0.08 0.26 0.18 0.41 
0.08 0.26 0.22 0.21 0.15 
0.20 0.17 0.21 0.23 0.13 
0.25 0.07 0.20 0.22 0.21 
0.14 0.22 0.31 0.16 0.10 
0.15 0.17 0.16 0.29 0.15 
0.20 0.19 0.29 0.22 0.04 
0.13 0.23 0.23 0.08 0.30 
0.19 0.18 0.19 0.17 0.19 
0.31 0.12 0.20 0.17 0.16 
0.13 0.40 0.18 0.00 0.20 
0.16 0.19 0.22 0.24 0.13 
0.11 0.22 0.13 0.14 0.33 
0.26 0.15 0.17 0.14 0.22 
0.21 0.15 0.20 0.14 0.21 
0.23 0.09 0.21 0.14 0.25 
0.29 0.05 0.28 0.12 0.20 
0.32 0.06 0.24 0.20 0.12 
0.18 0.17 0.28 0.15 0.14 
0.21 0.15 0.13 0.22 0.24 
0.15 0.24 0.27 0.18 0.09 
0.25 0.13 0.24 0.10 0.20 
0.15 0.15 0.13 0.18 0.29 
0.23 0.24 0.14 0.19 0.12 
0.21 0.20 0.31 0.13 0.10 
0.18 0.14 0.25 0.16 0.18 
0.24 0.17 0.16 0.15 0.22 
0.28 0.18 0.13 0.16 0.18 
0.13 0.33 0.16 0.07 0.24 
0.22 0.25 0.22 0.15 0.10 
0.14 0.19 0.15 0.21 0.24 
0.30 0.10 0.12 0.14 0.28 
0.18 0.13 0.15 0.26 0.21 
0.20 0.21 0.09 0.28 0.15 
0.22 0.19 0.25 0.08 0.23 
0.17 0.16 0.27 0.12 0.22 
0.32 0.13 0.16 0.14 0.15 
0.13 0.18 0.10 0.28 0.23 
0.07 0.19 0.32 0.22 0.10 
0.08 0.20 0.20 0.27 0.21 
0.17 0.20 0.19 0.16 0.20 
0.24 0.11 0.29 0.18 0.11 
0.14 0.12 0.17 0.25 0.26 
0.11 0.00 0.15 0.40 0.28 
0.08 0.33 0.12 0.30 0.15 
0.22 0.07 0.20 0.25 0.21 
0.20 0.12 0.12 0.24 0.25 
0.15 0.23 0.13 0.29 0.16 
0.08 0.28 0.14 0.26 0.19 
0.17 0.12 0.24 0.19 0.20 
0.22 0.28 0.17 0.17 0.07 
0.22 0.19 0.11 0.36 0.09 
0.23 0.17 0.13 0.11 0.29 
0.09 0.26 0.23 0.16 0.16 
0.22 0.25 0.15 0.20 0.11 
0.24 0.13 0.21 0.36 0.00 
0.27 0.18 0.10 0.25 0.11 
0.20 0.16 0.12 0.15 0.27 
0.09 0.21 0.16 0.24 0.26 
0.17 0.29 0.29 0.07 0.12 
0.16 0.09 0.13 0.26 0.31 
0.12 0.12 0.30 0.12 0.24 
0.19 0.09 0.17 0.14 0.32 
0.20 0.26 0.11 0.20 0.20 
0.20 0.24 0.13 0.12 0.23 
0.23 0.10 0.16 0.22 0.20 
0.28 0.32 0.11 0.12 0.06 
0.31 0.18 0.06 0.07 0.27 
0.22 0.19 0.11 0.28 0.16 
0.29 0.18 0.22 0.12 0.11 
0.27 0.14 0.25 0.06 0.18 
0.14 0.16 0.30 0.14 0.22 
0.08 0.13 0.34 0.15 0.23 
0.20 0.17 0.31 0.11 0.14 
0.31 0.14 0.17 0.14 0.20 
0.32 0.23 0.11 0.11 0.15 
0.14 0.33 0.11 0.18 0.19 
0.25 0.19 0.10 0.12 0.23 
0.22 0.11 0.22 0.12 0.27 
0.22 0.17 0.15 0.17 0.22 
0.25 0.22 0.18 0.13 0.16 
0.10 0.20 0.15 0.24 0.27 
0.14 0.18 0.19 0.24 0.19 
0.32 0.14 0.27 0.19 0.00 
0.24 0.14 0.19 0.20 0.19 
0.19 0.26 0.15 0.11 0.21 
0.17 0.20 0.21 0.08 0.25 
0.18 0.23 0.32 0.09 0.12 
0.28 0.22 0.09 0.13 0.23 
0.20 0.22 0.11 0.17 0.22 
0.21 0.25 0.09 0.19 0.19 
0.19 0.18 0.23 0.16 0.18 
0.17 0.11 0.32 0.18 0.14 
0.17 0.28 0.04 0.17 0.29 
0.18 0.06 0.20 0.28 0.17 
0.20 0.19 0.15 0.26 0.13 
0.19 0.16 0.13 0.28 0.18 
0.25 0.20 0.21 0.19 0.09 
0.17 0.12 0.24 0.25 0.18 
0.14 0.30 0.22 0.12 0.16 
0.22 0.22 0.19 0.15 0.18 
0.21 0.09 0.13 0.27 0.21 
0.23 0.27 0.15 0.14 0.15 
0.13 0.31 0.20 0.08 0.19 
0.18 0.14 0.12 0.23 0.24 
0.20 0.12 0.12 0.26 0.21 
0.27 0.15 0.15 0.15 0.21 
0.23 0.16 0.09 0.21 0.24 
0.29 0.14 0.18 0.16 0.18 
0.19 0.13 0.21 0.25 0.16 
0.27 0.22 0.15 0.15 0.17 
0.23 0.19 0.07 0.27 0.17 
0.33 0.22 0.10 0.08 0.18 
0.05 0.08 0.21 0.27 0.33 
0.11 0.19 0.23 0.13 0.25 
0.16 0.27 0.18 0.17 0.12 
0.33 0.20 0.18 0.15 0.08 
0.19 0.20 0.13 0.20 0.22 
0.15 0.15 0.22 0.22 0.17 
0.18 0.05 0.19 0.18 0.33 
0.16 0.21 0.18 0.17 0.23 
0.18 0.12 0.11 0.19 0.33 
0.21 0.24 0.17 0.17 0.13 
0.19 0.11 0.17 0.17 0.30 
0.15 0.21 0.24 0.15 0.15 
0.11 0.23 0.26 0.25 0.06 
0.21 0.18 0.23 0.12 0.19 
0.15 0.18 0.29 0.19 0.12 
0.12 0.27 0.11 0.17 0.26 
0.28 0.13 0.17 0.11 0.22 
0.21 0.22 0.08 0.20 0.26 
0.25 0.24 0.13 0.00 0.29 
0.23 0.27 0.15 0.16 0.13 
0.15 0.09 0.25 0.17 0.24 
0.15 0.19 0.23 0.23 0.14 
0.22 0.17 0.13 0.27 0.17 
0.24 0.15 0.18 0.23 0.14 
0.14 0.17 0.19 0.25 0.21 
0.19 0.25 0.19 0.16 0.14 
0.21 0.23 0.13 0.15 0.20 
0.11 0.14 0.15 0.27 0.30 
0.19 0.18 0.20 0.18 0.13 
0.20 0.28 0.20 0.10 0.12 
0.20 0.25 0.17 0.14 0.18 
0.16 0.09 0.33 0.16 0.18 
0.10 0.28 0.15 0.20 0.21 
0.22 0.11 0.27 0.16 0.17 
0.19 0.15 0.14 0.33 0.16 
0.17 0.22 0.14 0.18 0.23 
0.05 0.19 0.29 0.15 0.25 
0.22 0.22 0.11 0.14 0.24 
0.12 0.13 0.34 0.23 0.14 
0.31 0.15 0.24 0.11 0.08 
0.14 0.10 0.28 0.15 0.25 
0.13 0.15 0.25 0.20 0.20 
0.23 0.18 0.19 0.17 0.16 
0.18 0.13 0.20 0.13 0.25 
0.17 0.14 0.18 0.20 0.21 
0.16 0.16 0.16 0.25 0.22 
0.20 0.26 0.22 0.09 0.16 
0.20 0.14 0.21 0.13 0.28 
0.16 0.21 0.20 0.14 0.22 
0.19 0.09 0.21 0.22 0.23 
0.17 0.09 0.25 0.22 0.20 
0.23 0.13 0.16 0.23 0.16 
0.20 0.19 0.08 0.24 0.23 
0.19 0.34 0.16 0.09 0.12 
0.10 0.22 0.15 0.26 0.22 
0.10 0.13 0.28 0.18 0.21 
0.28 0.11 0.17 0.17 0.19 
0.13 0.20 0.24 0.13 0.23 
0.11 0.16 0.14 0.13 0.34 
0.21 0.23 0.10 0.12 0.28 
0.18 0.15 0.15 0.22 0.25 
0.27 0.27 0.05 0.18 0.18 
0.20 0.12 0.25 0.14 0.25 
0.16 0.23 0.17 0.24 0.13 
0.17 0.14 0.14 0.29 0.20 
0.14 0.21 0.17 0.21 0.21 
0.11 0.22 0.16 0.19 0.25 
0.19 0.23 0.12 0.14 0.24 
0.26 0.08 0.17 0.18 0.21 
0.26 0.15 0.19 0.13 0.18 
0.15 0.15 0.13 0.27 0.22 
0.28 0.15 0.06 0.34 0.12 
0.22 0.07 0.22 0.23 0.20 
0.19 0.26 0.26 0.24 0.00 
0.26 0.07 0.22 0.20 0.16 
0.28 0.14 0.06 0.17 0.28 
0.11 0.18 0.18 0.21 0.24 
0.14 0.11 0.20 0.26 0.23 
0.21 0.07 0.22 0.23 0.20 
0.27 0.20 0.13 0.15 0.20 
0.11 0.08 0.27 0.23 0.24 
0.19 0.22 0.19 0.28 0.05 
0.14 0.16 0.29 0.17 0.18 
0.28 0.15 0.15 0.25 0.12 
0.23 0.00 0.14 0.32 0.23 
0.08 0.16 0.28 0.12 0.27 
0.33 0.11 0.07 0.32 0.10 
0.13 0.16 0.17 0.31 0.17 
0.22 0.22 0.21 0.16 0.12 
0.19 0.16 0.14 0.19 0.24 
0.08 0.19 0.30 0.07 0.28 
0.21 0.19 0.13 0.29 0.15 
0.12 0.13 0.20 0.20 0.26 
0.17 0.28 0.17 0.11 0.20 
0.08 0.22 0.34 0.05 0.22 
0.35 0.21 0.23 0.05 0.09 
0.24 0.16 0.14 0.15 0.27 
0.21 0.25 0.13 0.18 0.20 
0.22 0.22 0.17 0.19 0.13 
0.22 0.26 0.16 0.14 0.14 
0.11 0.24 0.17 0.17 0.23 
0.24 0.14 0.16 0.21 0.18 
0.23 0.05 0.23 0.21 0.21 
0.35 0.10 0.29 0.09 0.08 
0.29 0.20 0.11 0.21 0.14 
0.29 0.15 0.20 0.11 0.17 
0.18 0.13 0.11 0.25 0.25 
0.26 0.04 0.08 0.30 0.27 
0.02 0.13 0.24 0.23 0.27 
0.16 0.20 0.08 0.21 0.27 
0.28 0.04 0.24 0.18 0.17 
0.22 0.21 0.21 0.17 0.12 
0.11 0.17 0.19 0.20 0.26 
0.28 0.20 0.21 0.08 0.12 
0.18 0.23 0.21 0.08 0.22 
0.29 0.22 0.17 0.14 0.09 
0.28 0.14 0.16 0.10 0.24 
0.21 0.23 0.12 0.13 0.22 
0.19 0.23 0.18 0.16 0.16 
0.05 0.12 0.32 0.19 0.26 
0.16 0.31 0.11 0.20 0.14 
0.26 0.30 0.11 0.07 0.22 
0.15 0.14 0.21 0.15 0.23 
0.19 0.19 0.07 0.27 0.24 
0.12 0.17 0.26 0.19 0.22 
0.13 0.31 0.14 0.22 0.12 
0.11 0.16 0.16 0.26 0.24 
0.20 0.16 0.27 0.20 0.08 
0.21 0.30 0.19 0.00 0.27 
0.16 0.26 0.14 0.11 0.25 
0.14 0.11 0.25 0.29 0.18 
0.16 0.29 0.23 0.19 0.08 
0.16 0.18 0.12 0.21 0.27 
0.19 0.23 0.12 0.22 0.16 
0.20 0.18 0.17 0.21 0.17 
0.23 0.28 0.24 0.07 0.10 
0.24 0.21 0.21 0.14 0.13 
0.23 0.16 0.21 0.20 0.13 
0.14 0.23 0.17 0.20 0.22 
0.15 0.18 0.23 0.16 0.17 
0.17 0.26 0.24 0.14 0.11 
0.32 0.13 0.07 0.16 0.23 
0.25 0.12 0.00 0.29 0.27 
0.17 0.21 0.13 0.19 0.21 
0.19 0.16 0.29 0.08 0.18 
0.17 0.00 0.35 0.18 0.25 
0.29 0.17 0.16 0.23 0.12 
0.22 0.15 0.22 0.25 0.09 
0.25 0.19 0.08 0.26 0.14 
0.12 0.15 0.17 0.15 0.32 
0.38 0.09 0.13 0.24 0.13 
0.14 0.17 0.22 0.18 0.23 
0.26 0.15 0.16 0.20 0.16 
0.20 0.14 0.15 0.20 0.24 
0.24 0.19 0.07 0.29 0.12 
0.12 0.24 0.24 0.14 0.18 
0.25 0.22 0.08 0.23 0.15 
0.28 0.13 0.04 0.21 0.29 
0.17 0.08 0.19 0.24 0.22 
0.21 0.26 0.22 0.09 0.16 
0.14 0.28 0.27 0.14 0.08 
0.29 0.07 0.15 0.21 0.21 
0.17 0.18 0.24 0.16 0.16 
0.19 0.18 0.18 0.14 0.25 
0.22 0.15 0.13 0.20 0.21 
0.25 0.22 0.18 0.20 0.08 
0.24 0.15 0.23 0.13 0.13 
0.32 0.10 0.29 0.13 0.08 
0.12 0.18 0.20 0.13 0.28 
0.24 0.13 0.20 0.02 0.31 
0.24 0.12 0.30 0.10 0.19 
0.24 0.22 0.15 0.16 0.15 
0.22 0.18 0.17 0.22 0.14 
0.28 0.07 0.13 0.20 0.24 
0.27 0.16 0.13 0.17 0.18 
0.11 0.25 0.19 0.19 0.19 
0.22 0.23 0.17 0.10 0.18 
0.11 0.28 0.17 0.17 0.19 
0.21 0.30 0.12 0.13 0.18 
0.19 0.07 0.09 0.19 0.35 
0.05 0.19 0.24 0.22 0.22 
0.13 0.11 0.22 0.27 0.22 
0.28 0.33 0.07 0.15 0.12 
0.16 0.18 0.12 0.23 0.22 
0.11 0.12 0.27 0.29 0.14 
0.26 0.20 0.10 0.17 0.20 
0.09 0.28 0.26 0.08 0.22 
0.19 0.20 0.03 0.25 0.27 
0.13 0.11 0.26 0.23 0.19 
0.26 0.10 0.36 0.21 0.02 
0.18 0.18 0.27 0.06 0.23 
0.25 0.11 0.29 0.24 0.06 
0.17 0.25 0.17 0.15 0.20 
0.20 0.22 0.10 0.26 0.17 
0.19 0.20 0.23 0.10 0.16 
0.26 0.11 0.20 0.18 0.18 
0.13 0.25 0.29 0.21 0.05 
0.33 0.10 0.19 0.13 0.19 
0.17 0.17 0.27 0.22 0.09 
0.25 0.25 0.19 0.22 0.04 
0.19 0.28 0.23 0.03 0.21 
0.17 0.27 0.21 0.11 0.18 
0.19 0.17 0.11 0.19 0.26 
0.09 0.22 0.19 0.23 0.23 
0.10 0.32 0.28 0.13 0.11 
0.25 0.10 0.16 0.20 0.25 
0.17 0.20 0.25 0.11 0.19 
0.11 0.22 0.20 0.24 0.17 
0.08 0.14 0.33 0.23 0.18 
0.17 0.28 0.13 0.24 0.11 
0.16 0.18 0.23 0.16 0.19 
0.06 0.34 0.21 0.16 0.16 
0.22 0.23 0.00 0.28 0.23 
0.26 0.15 0.24 0.11 0.17 
0.14 0.18 0.37 0.10 0.15 
0.26 0.30 0.12 0.19 0.09 
0.22 0.14 0.20 0.21 0.16 
0.22 0.33 0.13 0.14 0.13 
0.07 0.30 0.18 0.19 0.20 
0.30 0.11 0.07 0.23 0.20 
0.18 0.11 0.23 0.23 0.18 
0.32 0.17 0.16 0.15 0.16 
0.31 0.22 0.26 0.06 0.06 
0.17 0.13 0.35 0.06 0.21 
0.33 0.10 0.25 0.15 0.13 
0.26 0.19 0.21 0.16 0.12 
0.11 0.17 0.28 0.11 0.21 
0.21 0.22 0.16 0.28 0.04 
0.32 0.13 0.06 0.12 0.27 
0.36 0.16 0.08 0.11 0.22 
0.08 0.20 0.20 0.23 0.22 
0.19 0.20 0.23 0.19 0.11 
0.13 0.26 0.20 0.14 0.20 
0.26 0.15 0.14 0.18 0.19 
0.14 0.23 0.15 0.28 0.14 
0.15 0.18 0.20 0.14 0.24 
0.11 0.18 0.18 0.21 0.27 
0.31 0.15 0.18 0.13 0.15 
0.18 0.17 0.31 0.18 0.05 
0.29 0.17 0.08 0.23 0.18 
0.25 0.17 0.18 0.14 0.21 
0.22 0.12 0.05 0.28 0.28 
0.26 0.15 0.15 0.17 0.22 
0.22 0.15 0.18 0.15 0.23 
0.23 0.20 0.13 0.21 0.14 
0.18 0.12 0.22 0.13 0.23 
0.12 0.15 0.39 0.10 0.16 
0.18 0.12 0.22 0.16 0.23 
0.15 0.28 0.20 0.11 0.16 
0.18 0.18 0.20 0.09 0.29 
0.20 0.15 0.19 0.20 0.17 
0.15 0.26 0.12 0.19 0.24 
0.13 0.18 0.25 0.18 0.19 
0.23 0.18 0.21 0.18 0.13 
0.20 0.18 0.13 0.17 0.27 
0.12 0.35 0.35 0.00 0.12 
0.10 0.31 0.18 0.10 0.24 
0.25 0.22 0.21 0.19 0.07 
0.27 0.18 0.12 0.23 0.15 
0.14 0.21 0.26 0.16 0.21 
0.20 0.14 0.07 0.23 0.28 
0.25 0.11 0.20 0.14 0.21 
0.29 0.21 0.08 0.22 0.13 
0.20 0.14 0.20 0.22 0.13 
0.18 0.05 0.20 0.19 0.29 
0.33 0.14 0.14 0.14 0.16 
0.20 0.10 0.27 0.14 0.20 
0.23 0.14 0.08 0.21 0.27 
0.24 0.10 0.19 0.19 0.19 
0.23 0.04 0.14 0.32 0.18 
0.13 0.12 0.32 0.21 0.14 
0.23 0.10 0.15 0.24 0.23 
0.22 0.21 0.13 0.17 0.17 
0.10 0.29 0.27 0.15 0.12 
0.16 0.20 0.26 0.09 0.22 
0.28 0.24 0.00 0.25 0.17 
0.22 0.21 0.17 0.15 0.14 
0.08 0.28 0.33 0.17 0.06 
0.21 0.12 0.13 0.15 0.27 
0.28 0.21 0.06 0.19 0.19 
0.25 0.27 0.09 0.16 0.16 
0.21 0.29 0.14 0.17 0.14 
0.20 0.29 0.19 0.11 0.14 
0.20 0.12 0.25 0.14 0.20 
0.12 0.04 0.18 0.36 0.19 
0.15 0.22 0.16 0.14 0.25 
0.14 0.20 0.22 0.14 0.24 
0.30 0.17 0.13 0.23 0.12 
0.22 0.18 0.21 0.11 0.18 
0.18 0.27 0.13 0.19 0.15 
0.19 0.25 0.20 0.08 0.22 
0.18 0.18 0.21 0.20 0.18 
0.08 0.16 0.16 0.27 0.25 
0.23 0.24 0.13 0.18 0.17 
0.19 0.16 0.21 0.24 0.13 
0.19 0.00 0.25 0.23 0.24 
0.18 0.21 0.29 0.10 0.15 
0.30 0.11 0.09 0.17 0.26 
0.28 0.08 0.05 0.33 0.18 
0.18 0.13 0.18 0.10 0.37 
0.16 0.17 0.22 0.17 0.20 
0.15 0.32 0.09 0.19 0.19 
0.16 0.12 0.19 0.19 0.28 
0.15 0.16 0.22 0.15 0.24 
0.14 0.14 0.25 0.24 0.15 
0.28 0.20 0.10 0.20 0.13 
0.12 0.31 0.17 0.15 0.18 
0.14 0.25 0.18 0.24 0.15 
0.21 0.25 0.22 0.17 0.07 
0.26 0.22 0.14 0.12 0.17 
0.28 0.17 0.21 0.16 0.12 
0.21 0.09 0.20 0.30 0.14 
0.27 0.10 0.12 0.31 0.13 
0.22 0.24 0.05 0.24 0.15 
0.21 0.17 0.18 0.23 0.14 
0.16 0.19 0.17 0.21 0.23 
0.13 0.20 0.20 0.15 0.25 
0.27 0.22 0.10 0.19 0.12 
0.17 0.15 0.20 0.33 0.09 
0.14 0.17 0.19 0.23 0.21 
0.15 0.24 0.15 0.19 0.20 
0.41 0.21 0.13 0.08 0.08 
0.15 0.22 0.20 0.14 0.21 
0.23 0.21 0.12 0.20 0.19 
0.29 0.27 0.06 0.17 0.17 
0.27 0.11 0.16 0.19 0.20 
0.24 0.12 0.15 0.23 0.18 
0.02 0.15 0.22 0.29 0.25 
0.13 0.21 0.25 0.17 0.18 
0.11 0.21 0.20 0.21 0.16 
0.19 0.28 0.04 0.19 0.23 
0.25 0.20 0.19 0.19 0.09 
0.14 0.14 0.28 0.19 0.17 
0.08 0.20 0.29 0.12 0.23 
0.31 0.29 0.09 0.13 0.13 
0.28 0.17 0.26 0.13 0.10 
0.17 0.16 0.34 0.11 0.15 
0.07 0.21 0.27 0.15 0.24 
0.30 0.25 0.18 0.08 0.11 
0.23 0.09 0.18 0.24 0.19 
0.07 0.29 0.27 0.14 0.17 
0.16 0.21 0.25 0.14 0.20 
0.26 0.09 0.21 0.17 0.20 
0.26 0.23 0.10 0.08 0.26 
0.19 0.29 0.19 0.10 0.14 
0.14 0.14 0.21 0.24 0.19 
0.15 0.20 0.06 0.34 0.21 
0.20 0.23 0.22 0.22 0.07 
0.00 0.32 0.27 0.16 0.20 
0.23 0.23 0.13 0.19 0.16 
0.17 0.06 0.27 0.17 0.26 
0.26 0.01 0.12 0.36 0.17 
0.19 0.24 0.16 0.17 0.19 
0.20 0.25 0.18 0.23 0.08 
0.14 0.22 0.19 0.18 0.19 
0.20 0.28 0.16 0.10 0.21 
0.27 0.06 0.12 0.30 0.17 
0.13 0.17 0.17 0.17 0.27 
0.23 0.17 0.17 0.19 0.16 
0.20 0.13 0.13 0.28 0.16 
0.20 0.22 0.29 0.14 0.09 
0.29 0.24 0.16 0.10 0.16 
0.09 0.15 0.19 0.16 0.29 
0.17 0.25 0.18 0.14 0.23 
0.23 0.13 0.23 0.18 0.17 
0.26 0.16 0.09 0.29 0.14 
0.16 0.19 0.09 0.15 0.30 
0.27 0.14 0.17 0.21 0.13 
0.19 0.31 0.04 0.20 0.17 
0.17 0.11 0.19 0.27 0.18 
0.11 0.21 0.30 0.18 0.13 
0.22 0.17 0.20 0.17 0.16 
0.30 0.15 0.16 0.20 0.12 
0.28 0.17 0.18 0.09 0.18 
0.14 0.32 0.16 0.18 0.14 
0.21 0.16 0.25 0.09 0.22 
0.06 0.23 0.33 0.14 0.13 
0.29 0.00 0.17 0.23 0.22 
0.29 0.11 0.14 0.21 0.19 
0.23 0.24 0.18 0.10 0.17 
0.13 0.21 0.20 0.17 0.21 
0.28 0.23 0.09 0.27 0.05 
0.19 0.18 0.23 0.16 0.14 
0.25 0.09 0.17 0.24 0.19 
0.18 0.26 0.16 0.14 0.17 
0.21 0.18 0.09 0.27 0.19 
0.13 0.24 0.26 0.15 0.15 
0.08 0.25 0.23 0.18 0.18 
0.20 0.21 0.21 0.10 0.19 
0.20 0.20 0.23 0.15 0.15 
0.21 0.09 0.23 0.24 0.19 
0.22 0.16 0.14 0.27 0.10 
0.24 0.11 0.10 0.27 0.21 
0.27 0.14 0.21 0.22 0.09 
0.48 0.22 0.00 0.22 0.00 
0.27 0.21 0.00 0.24 0.20 
0.19 0.27 0.23 0.15 0.09 
0.19 0.17 0.29 0.13 0.14 
0.22 0.19 0.14 0.15 0.23 
0.20 0.19 0.15 0.21 0.18 
0.08 0.10 0.19 0.25 0.31 
0.22 0.05 0.17 0.32 0.16 
0.04 0.22 0.09 0.30 0.29 
0.10 0.17 0.22 0.26 0.19 
0.17 0.00 0.14 0.35 0.26 
0.14 0.13 0.26 0.26 0.13 
0.25 0.29 0.14 0.07 0.18 
0.24 0.16 0.20 0.19 0.12 
0.14 0.07 0.13 0.26 0.33 
0.25 0.24 0.17 0.12 0.15 
0.14 0.19 0.13 0.25 0.23 
0.26 0.17 0.05 0.12 0.33 
0.26 0.14 0.14 0.27 0.09 
0.13 0.13 0.28 0.17 0.24 
0.19 0.11 0.36 0.11 0.17 
0.21 0.28 0.14 0.09 0.22 
0.14 0.20 0.16 0.24 0.21 
0.16 0.31 0.20 0.10 0.17 
0.22 0.21 0.12 0.16 0.25 
0.12 0.16 0.19 0.28 0.21 
0.18 0.16 0.29 0.15 0.15 
0.12 0.14 0.22 0.23 0.22 
0.22 0.08 0.25 0.21 0.13 

Second matrix
5 1000
62.53 72.15 55.22 35.55 55.70 61.16 63.66 66.96 50.59 52.86 51.09 67.30 72.62 55.49 58.32 71.08 49.84 50.63 45.48 54.37 55.19 34.75 53.44 96.42 33.06 51.45 58.88 38.28 45.54 70.05 49.64 61.55 69.22 70.07 46.22 46.21 83.04 53.49 76.32 78.64 67.18 21.11 44.20 80.86 51.04 87.53 70.91 45.03 38.42 79.90 48.82 51.18 28.36 33.25 79.73 25.13 92.35 53.22 59.25 78.86 12.66 35.90 45.84 44.49 35.73 56.06 70.81 37.40 36.26 26.35 40.71 51.69 29.16 53.39 54.04 68.88 50.24 90.60 40.12 54.09 32.94 50.35 88.11 69.94 52.38 50.84 58.75 36.96 16.23 56.84 19.97 48.67 64.00 45.07 45.65 51.24 51.58 31.07 66.68 50.14 78.29 34.38 44.41 66.12 53.74 49.85 75.79 54.92 40.23 24.13 66.46 53.70 54.04 24.19 109.38 74.41 48.76 34.45 22.18 27.78 58.49 24.16 60.17 43.97 34.41 44.56 67.34 44.68 61.98 36.13 58.36 84.18 39.52 61.64 54.12 60.58 50.82 53.94 64.60 95.36 46.98 46.76 66.08 36.16 37.64 51.81 46.59 81.64 65.90 41.65 45.80 16.63 51.45 37.72 48.38 60.79 63.51 48.24 81.89 52.48 48.17 85.53 35.03 62.40 51.85 44.22 74.92 69.32 47.65 64.76 64.20 33.17 29.75 75.02 74.88 56.68 48.75 53.97 42.16 26.88 74.18 51.89 53.30 33.77 64.77 23.45 40.43 18.05 89.56 54.83 50.78 83.16 34.26 42.60 61.14 72.34 89.36 53.04 70.15 37.34 31.49 61.13 49.84 73.16 67.42 68.34 60.25 46.55 90.49 27.04 52.47 62.75 46.04 50.80 44.55 24.80 58.50 68.15 41.23 42.54 45.25 78.66 62.97 63.43 37.27 69.92 69.98 62.07 57.81 47.81 85.75 48.72 29.12 20.69 41.30 27.50 51.00 46.02 70.11 73.98 75.93 46.04 38.55 43.44 31.84 56.72 51.42 68.44 47.46 49.85 61.03 27.39 36.41 30.16 92.46 56.24 133.41 55.25 36.84 71.71 42.09 62.40 28.00 49.44 48.94 21.27 59.30 42.57 7.19 71.48 45.12 38.49 93.11 86.18 59.03 58.15 48.32 61.40 77.94 76.11 74.62 86.44 50.24 31.83 56.27 77.10 41.85 67.41 38.08 29.12 64.74 79.52 22.38 43.80 37.66 57.56 67.90 44.02 77.13 46.65 59.66 56.58 73.16 41.76 44.42 54.30 71.64 76.82 62.46 48.44 60.64 38.94 68.36 51.64 56.92 48.21 49.42 84.71 86.85 36.55 119.46 31.02 49.57 67.68 66.72 35.79 30.93 74.64 56.15 48.42 60.07 36.24 47.06 62.43 55.24 27.23 71.79 88.10 51.60 41.87 46.54 78.12 54.00 69.12 55.36 57.82 71.51 35.89 19.78 27.38 49.46 63.03 109.62 83.15 39.32 70.92 40.15 122.10 65.02 29.32 26.70 58.10 72.32 51.88 27.15 38.60 54.43 38.16 31.71 33.34 56.04 88.76 27.01 0.00 31.96 69.39 56.99 44.78 63.95 25.92 55.56 66.23 44.92 51.43 39.31 73.23 28.41 91.63 46.97 40.93 43.13 73.82 57.39 83.80 48.84 51.40 74.26 51.64 32.88 60.12 40.23 72.48 89.78 0.00 46.57 74.49 44.67 55.85 58.78 49.55 88.52 55.34 50.51 45.06 88.54 77.07 29.35 74.59 69.71 38.15 27.04 40.40 59.79 42.61 56.63 96.77 58.53 42.45 36.30 76.07 41.10 44.93 34.33 30.18 58.81 53.86 85.23 27.58 45.12 76.46 70.74 35.72 33.83 27.07 56.55 54.10 59.33 47.51 83.55 48.29 59.32 72.58 50.16 59.55 15.49 51.03 37.65 45.48 16.04 64.23 52.24 69.68 64.13 72.23 63.47 71.88 57.77 62.32 68.15 32.00 43.93 67.08 66.72 52.58 111.96 55.09 75.90 53.92 21.64 63.69 39.94 48.74 52.34 36.94 66.68 84.36 64.28 27.21 44.85 60.43 73.24 0.00 77.24 89.27 37.33 51.17 41.90 33.39 51.71 87.72 83.53 33.65 30.59 69.01 40.12 74.07 71.51 54.27 46.64 68.01 73.13 33.40 5.77 69.27 39.37 67.78 41.84 61.54 33.85 67.67 35.65 65.65 70.29 50.52 72.31 53.37 33.46 81.78 33.97 33.23 91.09 50.14 34.26 54.60 73.70 53.73 58.85 50.69 48.11 69.58 55.08 66.82 67.02 44.36 53.00 57.22 57.06 61.22 67.29 88.66 70.99 65.87 47.37 48.21 54.03 56.41 26.38 64.78 45.55 65.20 18.36 54.95 42.10 84.06 35.35 65.09 59.45 44.70 45.80 73.77 57.16 36.94 74.12 58.05 89.63 77.28 24.74 39.92 43.21 24.39 45.34 51.47 60.50 36.43 48.63 24.16 50.93 61.27 47.82 23.55 62.26 57.58 55.44 76.96 50.58 40.87 77.20 59.25 75.85 39.86 27.03 33.32 54.65 78.00 65.71 73.80 117.81 83.52 63.29 56.34 66.46 60.34 80.04 31.56 21.62 60.07 55.08 61.40 56.02 80.09 50.68 53.89 79.39 85.80 39.10 27.63 49.12 62.94 15.99 79.33 71.92 38.29 99.85 49.97 74.90 63.25 69.38 44.77 57.31 70.12 53.19 81.95 57.24 60.88 58.94 68.01 68.44 61.18 56.68 47.67 20.97 81.49 76.73 59.83 73.61 62.06 30.62 60.50 61.46 66.95 66.27 98.22 48.88 39.42 26.01 36.86 69.30 38.44 49.41 70.99 43.46 53.82 83.67 76.42 25.08 56.43 61.25 74.52 57.51 52.42 57.68 63.98 69.44 57.48 35.89 87.73 32.41 66.71 84.10 75.87 63.45 44.68 50.98 41.15 86.41 63.56 38.41 51.39 100.55 43.84 13.25 60.66 65.20 41.02 43.34 41.43 24.54 64.63 63.66 48.51 37.60 56.97 38.48 47.92 51.26 49.21 70.02 33.96 44.49 53.87 71.86 55.70 41.69 22.46 55.78 62.38 44.97 84.54 65.58 61.90 44.95 85.82 63.19 56.61 55.55 82.71 81.68 50.40 37.01 77.27 85.67 56.55 58.28 36.56 58.98 50.21 75.68 50.02 62.05 46.18 87.56 51.86 29.62 83.16 64.68 44.35 22.12 38.79 68.69 52.62 77.66 52.47 41.36 28.60 32.60 60.21 41.03 45.09 66.49 63.45 32.76 17.99 38.25 45.51 31.57 58.08 53.74 73.76 82.35 44.42 68.51 35.88 110.41 48.55 39.82 77.50 63.23 67.94 62.46 96.97 47.88 49.60 39.11 77.80 69.35 45.50 41.81 59.45 52.05 75.11 57.54 93.03 47.62 46.22 10.15 75.27 32.54 60.74 44.40 41.33 21.56 57.21 64.47 65.94 75.11 61.15 73.01 108.91 82.36 56.21 0.00 38.16 77.44 69.47 65.66 85.72 63.92 47.94 62.19 48.09 46.46 60.86 77.98 50.85 85.56 78.21 67.10 92.23 47.33 27.05 52.56 88.79 38.02 30.42 74.46 30.41 47.23 77.03 77.81 37.70 44.99 46.39 67.71 61.22 12.53 64.74 65.08 84.70 54.22 78.88 45.58 72.38 44.52 66.79 54.48 57.08 92.05 48.28 56.17 32.12 51.84 56.68 83.74 7.39 26.43 28.18 80.22 62.17 73.98 33.05 82.52 61.19 53.04 53.07 36.51 23.66 47.40 82.63 49.75 51.75 92.39 60.54 85.07 31.02 67.46 53.49 54.67 64.79 61.11 15.30 43.81 61.44 66.39 44.96 26.88 43.14 41.51 83.85 76.06 36.46 52.13 36.82 80.72 58.33 45.85 49.29 24.35 81.66 50.14 96.99 47.76 58.30 51.86 61.02 59.21 39.92 47.38 81.65 39.96 38.87 46.52 102.46 74.80 43.58 47.73 65.67 60.55 48.55 65.51 34.88 68.80 30.32 69.00 37.38 18.56 56.92 69.62 94.49 27.89 33.70 38.04 51.12 51.55 67.01 35.41 68.78 76.61 0.00 36.34 58.98 60.00 39.49 30.23 25.00 68.47 10.24 66.57 62.72 54.99 38.02 29.28 28.26 81.15 112.71 23.68 32.30 89.74 53.09 17.25 64.07 27.03 62.84 65.08 70.46 26.46 50.50 64.26 60.66 51.81 82.15 60.85 63.86 51.54 43.97 70.49 63.58 45.13 63.46 51.26 39.55 
48.36 78.71 89.83 70.26 43.99 59.82 43.08 41.60 31.98 46.68 82.66 59.73 45.17 71.85 41.73 38.20 49.55 71.47 27.88 69.67 39.40 55.56 76.57 21.00 73.62 69.46 54.54 57.91 89.25 53.02 72.40 62.06 63.88 45.24 52.51 21.27 31.80 58.20 28.88 54.22 40.79 91.78 54.26 47.51 67.02 66.13 103.86 45.75 63.50 68.12 55.32 70.64 60.58 66.47 42.57 35.43 46.69 72.81 13.53 30.67 72.95 53.32 61.73 26.28 76.21 70.08 58.37 84.84 60.74 36.25 47.65 56.05 33.25 73.39 47.02 52.67 40.58 50.13 67.28 69.66 46.03 35.21 41.32 74.27 39.73 59.91 47.68 72.44 95.21 17.58 62.79 70.18 31.73 20.94 60.05 58.54 70.13 55.92 55.70 71.99 51.16 47.03 42.94 21.43 51.21 41.99 42.05 37.60 45.25 96.73 83.05 60.93 76.07 84.35 21.69 39.23 77.45 69.60 88.14 80.49 75.00 61.43 35.52 70.16 15.02 56.56 53.06 24.38 0.00 58.75 29.07 44.01 48.28 56.28 39.79 33.38 50.49 33.88 55.49 28.15 25.22 74.23 44.84 64.50 52.25 43.18 67.21 20.23 17.67 72.33 47.30 62.76 34.34 65.57 45.23 88.78 33.78 38.27 33.38 39.41 57.68 0.00 72.73 40.24 24.01 48.60 50.98 51.05 58.57 50.25 29.56 50.27 66.28 48.38 24.16 42.98 37.82 75.79 82.10 97.17 66.07 45.80 59.90 75.06 46.89 80.05 59.08 66.58 19.78 59.70 42.99 51.36 30.60 62.09 58.57 50.65 63.63 36.49 49.56 89.51 73.87 36.53 57.02 56.77 44.77 67.19 22.12 64.86 48.86 73.89 68.22 28.79 80.09 52.62 77.25 44.34 42.09 103.06 46.76 64.89 73.20 47.18 73.03 57.74 55.20 43.64 46.93 41.17 46.27 35.79 14.76 33.19 26.40 50.12 60.12 44.77 58.60 22.41 57.33 40.18 54.68 50.98 108.06 73.29 58.89 55.05 35.70 78.10 48.82 52.63 84.33 55.04 58.39 49.08 31.24 40.66 41.95 67.73 64.12 36.03 39.15 85.44 67.85 42.34 48.22 63.79 52.99 60.53 70.67 36.13 37.45 56.17 24.80 71.99 0.00 39.27 18.21 41.77 51.51 42.35 55.97 35.62 20.09 71.61 26.50 59.56 27.61 69.65 59.59 46.99 44.90 59.10 63.13 72.59 73.62 24.19 40.01 91.63 66.21 45.27 47.52 62.06 60.54 58.36 69.58 78.24 85.58 47.59 50.63 35.51 29.52 20.77 58.26 84.54 36.00 22.01 79.82 49.76 48.27 73.96 35.86 74.71 64.34 49.41 48.45 52.07 68.72 73.89 45.17 38.47 100.74 54.54 56.16 49.79 59.87 78.77 49.00 47.02 66.65 41.87 77.59 34.02 23.85 44.42 35.72 38.43 14.49 37.95 53.25 68.42 40.83 27.84 24.87 59.19 84.74 40.92 72.82 40.30 26.13 64.48 26.77 45.85 22.01 39.91 9.09 63.08 45.07 39.08 90.17 49.90 66.42 65.39 51.44 64.32 70.46 52.21 55.49 44.06 69.74 35.74 24.45 19.44 78.85 20.45 25.91 32.14 40.40 44.23 48.51 39.04 69.62 41.53 14.59 11.10 48.13 52.53 43.46 36.77 66.10 47.11 76.67 35.16 48.29 59.89 47.84 48.57 46.49 12.11 26.02 0.00 42.61 41.13 65.90 24.64 0.00 37.07 31.31 48.71 38.68 77.21 68.06 42.59 19.70 34.60 56.94 36.20 27.57 25.68 70.96 43.60 75.65 55.60 67.81 43.34 48.44 34.89 14.74 82.42 69.27 0.00 40.19 59.75 60.44 60.07 57.68 78.96 64.74 27.30 77.23 64.45 40.58 54.60 47.32 36.48 51.74 77.30 30.77 60.11 74.37 32.76 57.26 40.03 32.34 35.56 48.16 63.48 57.63 35.62 25.59 105.02 63.95 47.95 36.30 46.02 31.15 82.38 43.76 25.09 79.09 40.90 44.96 40.62 44.11 66.56 52.86 15.58 58.02 36.87 74.42 45.13 35.11 66.69 59.88 20.73 40.54 63.46 43.20 38.45 74.36 35.07 34.34 60.88 49.56 61.57 82.19 82.27 36.52 43.88 58.37 63.36 54.28 42.93 69.06 52.70 70.49 21.33 68.00 37.11 64.35 64.78 88.01 74.43 67.15 45.88 40.35 77.12 15.26 29.74 31.84 42.95 26.90 42.17 23.55 61.95 38.63 25.50 42.26 59.70 31.88 38.72 54.09 33.03 71.87 68.63 26.72 46.58 53.03 23.49 66.87 0.00 72.52 55.35 51.87 57.07 83.66 43.48 55.51 30.73 55.97 59.98 80.63 11.33 69.19 30.02 57.21 70.31 62.55 69.70 106.09 0.00 44.77 98.13 60.87 58.51 8.98 77.92 78.98 49.35 23.88 30.67 70.81 51.39 27.03 54.33 21.69 62.56 40.29 64.83 81.49 102.02 34.64 23.47 14.21 45.65 62.76 79.22 33.26 53.46 34.32 44.85 79.59 35.18 35.67 26.25 38.53 66.75 12.03 37.69 62.44 62.34 52.15 42.20 22.51 64.86 62.21 22.76 43.38 43.66 78.71 25.88 55.93 42.23 16.81 65.15 76.41 47.08 68.57 14.29 94.10 70.82 53.31 20.21 38.88 57.27 51.83 60.22 61.84 51.68 64.57 52.63 49.16 27.95 5.01 43.04 67.05 44.97 51.95 47.74 65.86 39.12 44.05 49.85 28.96 70.17 34.92 51.33 46.16 57.67 64.22 64.88 45.79 27.71 51.85 51.46 65.57 50.45 39.05 29.24 52.57 28.18 52.86 69.98 54.28 41.05 64.03 26.75 52.96 29.15 72.32 56.92 32.43 81.91 37.40 46.90 96.22 29.61 86.55 33.80 51.73 20.79 61.62 65.66 61.51 26.16 43.43 29.39 31.23 49.01 26.92 65.22 94.97 20.85 43.80 60.75 13.38 67.97 47.95 18.25 35.96 47.56 63.34 44.41 31.25 61.51 57.09 80.64 48.63 78.86 19.45 44.73 47.23 68.90 67.52 71.85 111.78 43.04 63.14 62.26 55.44 42.18 55.88 47.01 52.94 63.38 36.47 35.05 72.34 72.16 57.43 78.84 26.39 58.20 75.85 91.05 19.31 56.20 40.91 54.82 82.07 29.98 44.01 72.37 45.39 75.38 64.96 27.87 65.10 55.86 40.56 36.26 5.09 56.22 87.73 41.08 72.80 18.84 63.12 54.33 76.71 60.14 42.55 87.33 86.12 61.45 74.39 42.17 78.00 48.98 44.52 19.89 23.46 71.67 38.15 43.62 36.17 43.86 56.91 60.29 59.46 49.44 41.05 50.46 41.68 38.26 68.81 69.31 58.95 64.57 43.40 24.08 29.48 32.74 31.29 72.89 35.43 27.52 67.24 14.39 54.77 38.18 72.75 51.93 51.03 99.69 29.46 55.59 37.21 26.75 54.58 50.47 78.85 56.10 13.72 44.28 52.41 25.10 32.61 52.84 52.28 50.32 66.26 23.31 33.96 38.95 49.77 29.24 66.57 33.86 79.05 45.31 36.61 28.43 43.50 66.56 73.76 28.99 71.69 53.73 32.23 36.60 62.08 60.91 37.29 51.68 74.29 40.77 64.49 29.68 59.10 56.39 44.59 10.71 44.17 25.53 34.95 51.47 28.11 88.53 55.06 74.46 59.28 32.77 53.76 84.13 49.64 81.49 8.17 51.61 38.03 53.80 45.50 44.15 53.05 76.70 65.01 86.22 71.91 33.58 89.72 29.37 61.32 13.78 48.73 48.02 45.54 54.53 73.37 96.16 64.19 44.67 50.23 49.54 77.16 42.29 74.47 81.18 84.50 48.97 74.56 76.37 60.86 70.74 49.70 57.21 49.37 74.40 82.35 67.68 47.33 43.71 25.37 53.12 43.76 37.41 66.23 51.82 73.71 13.82 54.79 34.08 59.18 30.77 31.33 30.47 60.55 31.29 61.01 67.83 31.16 73.28 31.47 76.72 21.57 75.81 52.85 69.44 30.80 55.03 66.76 68.25 55.11 25.82 86.71 60.56 95.51 17.83 66.54 99.13 86.69 66.47 46.84 38.38 80.79 25.96 48.04 81.77 36.68 65.42 37.72 57.66 57.37 97.43 0.00 50.47 87.33 44.54 56.21 97.41 84.30 57.71 75.99 39.81 76.75 57.35 72.33 62.20 23.73 42.80 52.15 45.90 72.12 73.47 64.21 28.27 48.97 64.29 68.96 60.79 69.89 67.66 
56.09 43.25 66.81 79.67 55.07 38.91 37.26 57.48 65.79 67.33 50.53 35.69 49.92 44.01 59.76 54.30 64.85 23.92 73.54 25.09 49.24 41.60 32.78 37.76 81.47 28.14 31.40 36.25 32.08 66.14 64.43 52.20 32.05 70.80 53.94 71.00 79.28 62.77 67.39 81.81 43.80 68.20 34.39 55.68 41.11 34.18 0.00 67.33 28.67 31.40 43.18 39.58 53.01 40.52 60.13 82.52 31.31 2.38 31.32 52.86 71.40 41.94 87.07 69.32 57.91 27.99 4.24 63.78 88.11 68.36 15.62 45.25 82.96 66.62 63.16 60.35 45.59 40.18 46.61 49.16 88.42 52.35 48.34 72.62 75.95 57.56 53.92 49.02 67.96 56.20 85.30 73.55 29.68 60.25 49.85 53.40 17.53 57.89 70.54 71.31 43.85 59.85 66.89 76.20 70.24 33.89 51.89 89.06 31.00 53.71 48.01 69.76 62.93 45.50 50.20 51.56 20.16 44.98 41.69 81.05 77.60 84.21 70.89 45.72 58.72 40.12 37.55 73.98 51.91 50.39 67.99 56.17 49.62 25.98 59.70 66.57 33.73 70.19 73.71 67.56 53.80 68.24 58.00 39.06 61.69 64.66 37.33 62.20 77.56 50.99 66.53 59.07 49.09 70.48 65.10 72.47 66.96 73.77 45.08 71.56 30.45 78.64 55.43 47.41 73.65 90.55 45.77 41.22 76.81 27.61 61.68 38.51 101.79 54.11 25.04 70.17 74.75 49.15 58.33 31.09 62.06 91.51 62.65 56.51 11.93 35.06 75.92 62.32 35.72 93.06 71.33 38.26 61.97 43.16 77.35 57.62 49.43 64.81 41.37 40.68 44.12 72.42 15.59 71.71 58.47 44.60 17.58 15.14 47.60 75.71 36.95 48.77 66.25 15.85 16.26 37.94 73.27 56.19 64.14 41.04 57.80 33.87 39.38 66.06 50.65 61.46 49.67 65.69 52.66 72.41 72.58 40.89 70.85 65.65 47.50 87.62 52.79 56.15 50.35 49.28 23.60 37.34 75.64 35.79 84.01 45.92 57.38 33.96 74.68 57.11 21.41 80.82 59.50 55.35 41.91 58.62 46.88 30.76 36.84 69.18 65.62 59.60 60.70 70.06 72.93 46.28 37.14 82.84 50.36 66.77 54.78 52.30 54.74 64.95 67.28 59.44 93.72 66.24 66.30 75.46 63.87 35.77 50.17 98.95 54.60 41.41 51.84 39.02 49.72 77.32 69.98 69.83 62.24 37.00 42.32 81.28 38.23 36.18 79.52 64.91 47.93 38.04 22.09 57.04 45.80 58.36 55.58 47.03 40.46 62.68 50.63 86.23 70.37 55.68 73.14 57.10 25.76 18.32 77.72 66.92 33.34 42.19 47.94 51.32 50.01 73.98 37.48 24.87 90.93 67.30 40.23 56.13 63.57 54.74 56.40 77.60 55.16 35.67 48.86 68.15 58.83 79.04 57.18 71.31 89.83 25.26 96.44 47.52 50.44 59.97 63.26 33.32 59.19 30.70 48.72 49.16 24.45 43.95 69.10 54.62 72.72 71.83 61.19 46.16 66.99 57.08 28.36 46.99 25.72 31.65 30.80 38.45 59.82 56.16 39.32 56.43 41.60 47.37 42.85 45.34 72.58 43.87 67.30 97.98 64.90 36.96 62.19 60.25 53.82 86.38 26.67 47.28 66.47 50.09 75.87 71.88 40.35 81.87 43.56 30.16 47.02 69.02 43.64 59.51 37.14 39.05 47.94 104.97 64.11 51.42 54.62 53.95 49.20 82.63 77.93 20.57 55.93 79.37 55.55 65.58 42.36 57.66 62.67 49.67 45.29 70.79 87.99 113.93 57.28 48.72 43.06 51.54 28.95 76.10 52.93 43.52 59.55 60.56 89.61 84.29 55.70 73.72 61.40 62.59 51.36 25.58 83.56 82.50 36.64 40.22 47.49 65.76 49.39 60.98 73.29 49.49 81.98 57.36 39.57 66.55 73.05 44.32 28.30 30.15 71.55 45.72 71.15 37.59 58.71 49.05 43.35 47.90 54.34 30.20 25.68 45.42 64.19 59.14 44.23 82.95 61.76 50.87 57.23 43.69 44.42 44.26 56.18 99.40 47.44 42.19 30.64 77.47 45.88 63.02 41.24 53.59 45.94 74.23 34.50 56.04 43.98 47.40 73.42 41.52 45.12 48.84 67.07 70.43 43.72 49.61 41.19 86.08 67.13 33.15 66.82 67.56 92.67 49.46 83.54 51.90 33.12 0.00 51.02 61.47 59.04 43.09 68.50 71.51 65.04 82.01 40.20 45.73 46.33 54.62 50.34 68.91 67.82 57.89 73.17 67.62 82.56 76.75 69.20 28.48 78.94 43.76 22.68 52.81 36.59 68.67 43.02 58.82 72.86 73.48 48.81 58.14 73.22 42.83 38.85 76.98 62.14 102.65 36.94 38.13 43.39 49.25 51.11 101.53 19.82 87.96 47.62 35.04 53.21 36.69 43.30 54.78 63.72 56.10 68.77 91.56 45.05 54.24 53.94 66.97 90.21 35.98 77.26 48.66 17.82 38.47 56.64 64.98 68.14 98.36 33.13 14.21 52.09 36.95 68.78 54.35 48.59 64.07 57.03 39.70 39.03 67.36 48.28 42.38 40.75 29.28 22.30 34.72 46.05 40.51 88.63 55.48 55.25 34.20 54.77 86.62 40.40 61.86 71.83 58.27 51.74 84.43 60.49 66.98 61.97 27.18 63.50 31.81 78.42 58.02 50.37 43.36 45.26 45.98 27.42 48.50 65.04 77.35 94.18 87.73 55.07 46.32 65.05 54.32 59.33 65.86 75.99 24.87 63.70 42.82 54.84 47.14 57.85 22.45 39.15 18.13 68.36 65.65 78.92 33.56 77.11 73.13 80.65 60.37 54.31 51.11 67.28 43.69 45.64 26.47 48.83 60.02 48.18 43.19 58.20 56.53 44.97 33.42 72.23 58.45 48.01 60.78 44.74 33.72 46.04 67.13 46.81 68.56 11.86 82.54 47.74 47.22 57.46 37.79 41.87 51.26 69.22 57.69 60.42 66.83 68.37 71.11 43.78 50.41 74.11 43.52 17.59 31.44 81.35 49.47 37.24 21.61 48.44 0.00 63.34 72.28 76.26 31.37 46.29 110.55 49.52 65.56 55.15 47.71 50.36 90.42 67.10 73.76 46.70 37.67 54.63 52.40 38.37 34.89 39.61 62.52 72.71 19.82 35.20 43.87 69.30 92.02 55.40 49.74 16.28 75.87 68.11 41.40 89.53 72.88 31.94 45.46 43.22 66.86 26.75 63.28 56.56 52.00 52.12 56.93 56.80 57.56 50.89 49.40 30.98 81.59 70.58 54.69 18.48 39.97 48.45 48.38 38.39 17.19 38.52 112.93 83.09 46.91 53.56 85.03 64.50 57.23 84.24 69.45 56.69 40.12 101.54 45.11 63.61 36.35 37.28 56.93 51.29 37.09 41.55 43.66 80.49 67.78 61.58 74.69 74.08 50.24 43.85 54.57 15.37 72.58 68.61 64.03 50.16 38.96 52.39 48.33 60.96 51.20 42.52 34.37 87.60 62.61 65.20 82.32 46.89 66.32 49.14 39.69 46.99 35.55 57.68 77.90 31.58 64.22 57.44 76.48 62.85 49.44 52.19 71.42 82.35 70.61 74.12 36.40 23.64 75.29 40.32 32.20 62.56 67.62 70.95 66.40 38.12 54.15 67.59 64.37 46.11 42.70 71.54 65.71 45.80 50.14 84.45 66.98 97.60 37.23 34.45 46.68 35.26 54.63 41.46 64.94 36.25 47.48 22.33 48.98 42.92 34.93 68.95 63.79 48.98 60.15 64.85 37.88 75.07 31.38 31.84 57.16 43.24 71.80 41.22 66.22 14.34 39.19 79.48 50.89 63.87 27.61 40.29 83.07 74.86 44.35 45.15 49.12 64.25 69.00 34.52 50.07 52.43 36.62 43.27 40.98 64.45 58.71 92.11 35.46 59.84 19.64 57.43 50.39 78.31 36.09 91.87 89.43 33.48 54.19 46.19 83.88 27.21 38.77 74.23 60.47 44.71 79.91 47.08 58.09 42.16 56.62 50.64 92.45 66.77 61.47 82.32 53.95 84.24 44.68 58.19 31.61 33.43 32.67 62.31 69.69 27.20 39.63 79.23 63.26 35.03 24.04 48.16 51.92 64.64 28.00 56.26 53.79 53.40 34.52 50.64 27.79 78.53 53.23 49.76 44.60 91.91 17.15 37.18 70.07 10.52 43.94 43.07 41.61 37.66 69.07 20.50 33.30 76.61 30.24 40.10 54.06 89.64 36.56 30.48 47.40 71.15 54.07 59.65 51.97 34.00 63.06 80.58 72.53 
28.70 33.32 52.14 40.85 56.74 63.56 41.75 53.64 74.16 61.86 66.19 44.88 46.11 29.95 66.33 50.67 55.82 70.62 48.55 47.63 54.43 48.25 39.04 0.00 36.89 74.66 69.39 93.21 30.90 27.16 45.45 49.56 53.54 38.29 42.68 86.49 36.36 64.67 49.37 46.72 58.26 48.53 62.12 29.00 50.15 32.27 31.80 50.91 82.74 53.24 51.90 60.05 63.67 78.75 27.86 41.59 40.92 42.83 55.05 61.75 38.00 50.66 42.53 79.27 16.70 69.17 47.35 23.80 37.14 69.34 82.26 49.40 50.84 54.93 57.19 39.91 74.55 39.36 49.62 57.91 58.98 78.49 16.58 50.19 67.30 93.88 38.45 27.05 56.27 64.04 62.90 35.35 82.41 60.90 73.57 74.05 89.33 61.63 56.43 54.96 42.58 54.77 40.42 59.01 41.86 40.71 52.57 63.27 96.55 54.95 39.47 29.88 56.16 27.14 36.14 56.85 106.30 64.76 49.13 21.52 41.32 63.07 30.34 64.18 47.81 24.74 64.30 71.29 76.79 47.59 77.46 45.97 58.37 96.20 44.64 21.06 59.39 71.57 33.17 48.15 66.63 36.14 48.80 80.35 60.02 61.19 47.07 75.43 63.27 24.56 32.51 92.03 58.57 17.52 62.77 17.68 46.91 51.84 45.11 62.25 39.02 39.54 75.94 51.11 68.17 28.17 35.64 29.48 52.58 57.13 38.89 95.74 24.02 0.00 76.39 18.39 77.95 33.77 61.70 53.09 44.76 56.57 59.65 97.49 63.83 92.63 67.88 76.71 21.51 26.49 33.32 23.67 100.94 70.42 0.00 16.49 6.03 38.45 55.03 81.30 66.29 51.50 42.95 0.00 0.00 40.69 84.11 47.71 21.95 42.38 32.70 55.74 35.61 62.00 68.67 90.39 49.09 14.67 47.29 32.12 68.16 46.79 48.77 34.61 60.57 56.65 41.89 36.27 36.60 53.87 27.02 55.49 67.95 73.81 54.53 64.69 60.81 93.20 56.97 53.00 42.41 51.38 21.95 23.59 75.43 55.85 58.69 38.53 66.15 47.17 42.62 37.87 51.62 76.79 70.29 60.00 23.01 53.93 87.03 29.54 60.38 16.95 46.55 54.06 58.03 114.16 63.04 35.43 82.74 55.44 55.22 63.15 40.30 5.76 45.21 50.22 68.06 79.02 15.22 0.00 38.64 44.02 54.72 38.52 55.54 20.73 56.03 41.96 43.40 62.41 54.34 0.00 58.58 65.49 40.59 47.60 44.49 47.36 17.71 53.15 88.73 36.67 43.03 57.61 96.44 61.40 21.93 9.25 45.38 52.75 34.79 46.62 7.03 45.86 32.96 89.75 81.10 52.21 30.40 57.04 15.10 59.32 51.59 46.88 46.16 45.77 86.31 35.96 51.60 42.03 19.83 36.68 54.46 40.13 39.85 54.66 45.98 36.29 58.67 63.16 27.44 53.62 59.16 41.66 62.13 73.77 67.05 72.22 50.88 26.30 70.21 66.55 26.38 29.31 50.06 31.87 64.52 31.46 34.95 87.43 49.24 43.79 29.49 99.41 29.03 60.09 65.27 72.35 64.44 88.38 50.70 69.49 55.54 107.07 45.81 17.16 108.39 43.74 38.36 84.94 58.99 63.15 31.39 48.62 36.27 35.17 58.67 44.67 83.68 44.61 28.10 46.86 64.56 46.10 47.85 51.21 35.64 86.02 69.46 52.15 65.81 40.08 52.04 79.37 60.50 54.18 54.11 52.48 47.98 85.83 30.91 53.69 24.56 65.19 36.57 61.56 97.84 60.86 43.24 38.45 45.06 70.70 76.92 63.54 87.23 47.38 12.55 38.51 39.82 14.46 65.87 54.00 68.69 35.49 24.90 72.04 71.63 30.99 0.00 47.38 46.58 38.68 56.01 54.80 50.09 67.08 0.00 38.54 25.82 31.84 26.27 0.00 66.01 80.29 66.56 42.25 57.16 105.81 84.08 59.98 34.16 44.81 71.82 37.57 35.12 46.45 49.80 58.43 44.33 63.17 36.52 47.75 54.39 52.65 58.93 59.09 17.07 58.43 69.64 15.51 52.11 77.05 64.63 48.06 44.96 72.43 37.62 44.49 75.50 30.75 69.25 74.47 0.00 56.79 61.15 34.54 87.16 52.54 43.08 25.81 62.51 74.53 37.42 42.20 72.11 21.09 31.01 8.38 67.23 41.69 52.38 13.05 72.86 43.37 36.10 33.04 37.91 77.88 52.85 40.76 22.79 78.36 19.23 48.85 74.49 61.72 76.14 54.06 36.63 49.42 63.94 77.41 92.20 39.91 39.09 42.50 40.19 60.28 112.88 63.04 40.81 52.63 53.44 35.05 90.88 59.38 78.10 58.89 49.92 23.43 71.56 52.42 35.43 49.40 62.26 40.81 60.42 60.08 32.80 19.54 34.40 58.95 79.09 56.04 74.47 8.07 67.14 9.83 21.51 34.95 43.93 58.58 29.19 51.33 7.66 13.86 49.74 87.24 70.13 60.90 30.44 53.63 65.92 65.21 57.24 74.06 57.69 38.62 69.33 57.98 51.42 35.41 73.11 34.44 49.32 49.86 30.47 61.61 21.55 85.50 66.40 54.07 61.58 63.18 24.23 34.85 10.36 71.32 47.40 49.50 29.13 46.22 49.17 100.28 38.62 57.86 71.20 88.38 53.52 31.94 75.61 25.12 49.88 30.68 93.20 48.86 74.17 70.18 65.35 30.56 29.14 83.04 15.02 33.29 75.81 11.44 29.49 65.71 50.50 20.27 0.00 55.60 59.96 52.53 40.70 36.87 27.12 71.67 32.35 78.90 82.85 74.51 49.19 56.74 54.60 39.70 91.63 58.07 28.45 51.16 33.34 30.63 34.72 69.23 34.25 83.77 26.51 103.41 32.51 49.61 73.02 41.06 40.13 46.26 45.28 53.78 53.74 52.45 47.04 27.08 83.42 48.93 4.36 83.71 35.73 57.49 75.46 35.56 33.78 56.60 50.39 6.37 20.81 45.22 40.38 99.93 65.78 12.42 39.85 34.55 60.79 41.78 44.69 35.47 101.18 21.07 50.25 53.15 25.45 57.16 30.43 71.20 38.84 46.86 89.84 51.04 41.04 85.03 76.95 31.69 66.36 79.40 56.93 41.26 19.93 43.45 47.85 34.45 55.56 27.43 66.73 24.60 56.12 42.05 70.37 52.28 41.34 68.76 77.53 19.55 24.82 71.27 53.06 12.67 48.55 33.26 39.11 54.18 35.42 83.41 23.00 27.87 40.11 26.40 68.48 68.77 85.55 36.99 59.88 80.07 87.14 41.74 39.88 81.18 76.09 40.95 48.94 50.57 57.46 20.17 56.96 54.66 32.29 79.50 74.80 71.83 48.65 79.07 35.60 67.62 47.13 76.54 23.16 69.99 64.86 23.01 44.86 45.44 41.62 44.17 73.25 60.65 65.83 41.75 41.56 20.56 59.03 54.93 52.92 72.01 17.66 42.39 74.72 20.20 45.36 55.00 44.06 62.04 78.87 63.80 43.56 27.39 40.66 28.76 31.94 65.70 22.58 25.80 49.52 43.90 13.45 42.33 43.48 0.00 84.20 56.07 24.80 50.50 52.93 75.94 27.43 63.80 40.48 74.92 25.91 17.32 0.00 32.00 51.85 30.25 50.73 34.78 42.05 77.18 32.75 77.14 70.54 32.59 77.36 36.98 19.72 33.74 74.15 43.05 59.62 33.73 65.54 56.92 60.70 42.13 73.53 62.45 38.72 62.30 44.89 62.57 41.99 12.98 71.50 67.99 73.36 57.17 60.75 85.04 88.49 45.51 52.15 54.90 30.54 39.15 26.44 39.89 75.33 28.43 54.80 18.95 60.15 53.81 23.32 62.39 18.44 39.42 20.29 68.76 28.77 39.86 68.77 42.75 61.98 109.24 49.08 48.68 40.54 64.60 46.98 27.48 60.98 19.62 49.95 68.68 74.54 57.88 29.07 26.17 25.28 66.61 29.38 60.04 54.44 27.02 67.72 51.18 33.40 41.69 61.25 33.46 62.28 58.72 38.67 86.32 29.97 41.41 57.00 25.14 47.21 85.43 49.58 55.67 37.64 26.07 45.82 37.74 52.42 62.98 60.70 50.72 86.29 49.89 47.77 55.04 58.40 93.85 52.76 41.16 25.99 63.26 16.32 100.86 79.76 17.08 41.08 101.17 48.02 55.40 46.50 67.70 79.13 45.50 16.27 52.72 64.01 41.17 29.13 30.61 34.25 48.53 49.27 21.63 53.82 37.17 35.35 61.73 49.09 19.13 34.98 79.54 89.84 36.46 10.95 28.73 54.51 38.71 29.20 72.57 33.29 31.75 69.04 77.05 26.89 20.92 
69.49 39.49 11.37 39.06 59.96 41.08 83.93 41.60 35.25 39.11 27.35 64.36 55.78 66.53 39.64 44.53 48.14 46.83 59.37 66.91 68.44 87.83 67.13 101.19 49.05 42.23 44.76 36.05 68.82 50.48 39.89 35.66 52.72 39.36 70.80 45.94 29.00 32.08 46.26 0.00 56.86 43.35 70.30 43.94 53.88 46.25 65.48 66.97 52.15 28.21 68.50 45.66 65.21 50.90 50.56 78.50 50.82 93.91 99.85 41.67 72.23 75.35 38.11 49.54 77.05 48.07 81.42 63.34 41.13 66.15 86.22 61.85 66.96 21.90 35.63 53.28 54.34 50.34 63.10 45.38 42.73 41.57 69.93 0.00 34.20 10.98 61.91 78.73 34.90 67.73 45.50 38.47 59.08 83.79 35.24 25.13 34.02 73.32 18.73 25.13 47.47 65.75 69.98 49.39 43.50 100.20 44.76 29.07 54.10 49.17 26.31 46.42 14.87 89.06 47.79 45.43 17.95 48.79 60.69 47.59 10.16 40.00 64.85 36.16 112.11 89.86 40.87 53.05 71.20 65.18 38.48 23.67 73.10 24.38 67.47 79.14 78.06 41.60 41.03 32.88 75.89 39.50 45.19 35.88 53.30 42.12 74.92 23.66 37.39 67.41 71.03 29.41 76.13 70.81 44.10 36.14 51.23 55.94 61.62 33.07 81.91 59.15 31.53 70.88 45.64 57.05 61.40 71.31 37.32 61.63 74.26 37.88 44.07 85.60 75.53 74.57 26.24 51.81 23.21 54.79 13.24 24.49 27.67 14.63 78.62 39.85 33.00 37.70 95.75 32.59 61.30 68.68 31.20 52.28 65.09 66.36 49.14 69.44 47.06 24.99 57.92 34.98 104.87 70.13 94.21 39.52 79.48 92.61 59.89 50.52 70.44 69.94 36.53 88.76 63.15 74.00 46.79 30.58 64.46 84.85 18.32 54.84 43.42 33.71 73.54 39.74 49.55 59.57 70.04 56.45 65.40 83.67 75.06 60.37 64.39 39.47 46.32 53.17 25.13 52.04 61.56 85.16 25.32 87.77 16.64 60.09 59.82 48.87 37.80 62.93 65.25 61.93 47.14 58.02 27.84 47.11 21.63 58.71 38.26 56.80 55.57 35.57 64.07 51.45 46.72 27.91 50.79 42.06 53.08 35.47 73.95 52.43 52.15 36.26 91.15 57.92 38.17 17.95 44.96 64.41 32.89 59.45 89.22 22.61 69.67 60.54 86.01 43.45 70.30 52.66 28.19 58.04 57.09 58.19 72.40 52.94 62.72 48.90 26.01 44.79 21.23 73.31 64.96 50.38 13.52 19.51 31.45 82.47 64.13 68.25 88.19 83.15 64.77 39.75 79.24 56.96 33.28 56.81 29.21 33.39 58.38 59.58 49.33 55.88 52.66 60.52 50.56 45.42 22.12 71.20 46.55 76.30 43.08 53.52 50.56 26.47 48.75 58.47 45.98 54.84 55.33 23.01 61.57 45.05 26.77 62.82 15.68 73.24 94.68 86.44 39.21 70.87 49.35 58.54 50.88 70.45 64.21 32.02 61.10 24.69 86.64 38.40 75.90 39.08 136.98 43.09 70.78 63.46 52.48 72.30 55.03 0.00 68.84 49.10 74.84 62.89 0.00 82.09 42.48 69.50 51.62 70.64 42.34 45.74 98.15 86.16 82.46 25.02 37.65 57.10 97.33 45.57 63.75 65.00 46.73 38.16 71.80 16.30 61.82 71.49 37.49 43.54 22.37 66.55 69.48 51.47 80.66 45.80 67.07 89.05 48.76 59.89 70.04 53.58 61.77 61.41 50.45 8.22 57.50 47.14 90.66 54.14 43.13 72.67 18.16 4.66 73.46 50.68 64.25 70.73 47.92 65.39 65.44 79.00 80.67 63.50 35.42 61.61 69.61 60.27 39.94 56.54 65.71 60.23 47.45 47.99 51.47 69.30 48.62 78.32 92.50 78.40 50.32 29.10 66.14 45.56 58.45 8.84 46.64 38.47 53.26 65.66 54.44 93.36 44.32 34.09 36.95 66.29 71.05 17.43 71.93 46.84 57.46 87.16 43.31 35.71 63.15 60.82 45.30 56.60 56.29 54.46 57.82 67.33 59.37 48.67 55.94 60.45 30.67 82.80 53.56 48.99 79.27 33.37 84.44 73.99 48.29 66.43 57.58 58.08 42.53 52.44 75.43 54.91 32.36 38.29 63.06 82.27 43.97 48.54 43.42 91.25 53.78 64.68 55.58 70.77 26.00 46.62 33.85 41.60 85.13 50.01 61.72 58.45 20.87 25.42 74.23 28.84 99.65 58.59 36.36 43.17 68.79 49.31 56.94 75.56 50.23 40.40 0.00 22.75 38.22 31.89 0.00 89.48 20.92 70.77 51.24 64.17 39.76 75.18 9.66 38.81 59.29 40.30 17.74 74.20 54.70 74.35 88.73 34.60 69.60 52.81 40.95 50.99 57.73 63.51 28.09 40.55 73.71 64.01 74.47 45.29 51.76 63.37 116.36 37.65 43.01 34.51 61.06 62.25 79.31 60.80 58.98 38.04 53.89 76.54 39.39 52.06 53.58 51.02 57.97 79.60 54.59 0.00 70.33 76.81 72.00 49.04 62.78 43.28 41.91 82.15 53.54 50.76 94.69 18.41 74.92 30.88 50.67 61.74 88.43 80.02 64.65 37.58 53.97 73.84 45.71 50.53 17.19 36.13 42.01 88.01 43.60 26.04 10.83 56.63 17.86 51.93 34.95 58.71 47.12 94.28 40.41 72.83 17.32 84.79 48.63 47.42 63.70 69.54 100.56 28.79 52.88 24.54 49.51 64.33 61.62 33.81 39.69 31.03 44.63 32.62 34.39 33.22 51.95 61.89 47.78 75.61 70.99 63.92 42.19 42.82 47.42 82.95 54.35 16.98 50.71 37.34 77.64 59.63 32.71 57.89 44.12 76.94 86.46 64.80 56.84 65.28 28.78 73.07 49.54 40.28 83.99 20.37 47.81 24.85 30.33 89.27 50.23 40.98 47.93 84.92 110.14 65.03 45.24 25.48 70.30 105.97 57.75 76.00 29.23 84.25 46.96 56.39 48.77 57.48 95.51 80.95 66.31 75.58 119.68 66.72 80.24 60.67 32.64 69.38 58.87 73.10 62.08 65.51 0.00 41.59 53.79 24.32 22.83 42.55 47.34 36.02 34.45 37.53 34.00 33.99 45.32 68.64 44.34 34.66 28.72 38.12 55.17 38.21 54.67 61.96 42.82 85.01 69.77 36.21 47.03 60.97 81.52 27.61 44.18 62.57 65.25 14.07 38.30 91.05 51.70 64.97 65.92 43.57 41.21 60.03 49.88 59.40 29.72 93.76 67.31 73.71 42.77 44.63 58.92 56.67 88.27 43.32 42.63 51.70 57.03 43.36 66.79 22.13 48.27 30.00 37.51 23.09 62.81 58.13 20.51 17.01 43.62 36.87 0.00 52.07 49.55 70.54 47.86 67.04 62.33 57.76 72.74 56.21 80.06 27.33 45.50 53.41 107.96 56.29 74.14 67.56 80.30 50.40 52.11 59.42 53.17 43.48 81.33 34.52 78.69 46.79 44.98 79.22 81.42 64.89 63.82 66.44 24.63 32.38 96.34 76.75 54.40 59.20 75.14 40.56 83.87 35.16 54.08 59.34 64.81 58.24 30.26 87.44 45.90 41.20 60.01 51.77 62.49 50.36 44.07 67.96 14.65 83.36 70.49 54.78 49.42 51.50 56.13 61.97 25.22 54.44 27.80 25.26 58.81 73.58 51.70 44.10 35.83 61.37 61.92 78.16 56.65 37.56 42.32 48.63 35.79 48.01 76.28 63.11 76.89 64.22 40.80 72.88 60.28 59.30 22.54 60.18 37.03 107.99 62.49 41.75 61.55 49.40 62.91 89.32 91.16 86.97 53.94 64.12 0.00 34.55 51.14 22.02 45.56 64.41 37.74 62.29 51.87 46.09 55.05 58.41 11.56 51.69 43.28 59.48 45.19 64.56 57.68 45.58 70.09 40.46 61.12 50.18 40.67 62.48 51.64 28.68 45.07 96.08 39.65 29.40 105.01 58.71 55.09 35.02 52.75 85.19 54.31 33.36 51.18 36.04 71.75 35.61 53.48 56.69 34.33 34.86 51.75 37.02 24.27 34.20 96.67 72.21 47.33 24.18 49.04 58.44 33.45 53.06 74.81 56.06 24.15 73.49 56.93 48.63 43.25 102.24 44.89 79.06 35.26 57.01 71.85 63.22 62.49 54.38 68.09 51.15 87.39 65.73 57.76 44.60 75.39 60.27 93.53 29.84 64.82 85.83 66.01 51.14 44.74 70.77 65.88 76.11 47.64 51.75 50.03 63.66 43.96 53.25 59.07 14.63 43.56 63.58 
