500 5
83 43 61 77 99 
27 20 25 46 52 
71 98 48 91 58 
80 48 69 25 65 
2 7 60 80 58 
83 66 95 87 47 
21 99 15 89 91 
13 23 8 32 55 
5 38 95 5 52 
11 13 66 0 85 
88 26 35 24 20 
44 24 67 20 75 
65 0 67 16 6 
48 36 27 32 23 
90 80 18 87 56 
40 15 2 66 72 
16 33 49 3 49 
10 28 23 59 62 
10 38 79 96 9 
50 53 96 59 78 
69 59 24 2 65 
54 73 89 29 49 
32 78 16 42 80 
38 76 98 78 63 
52 28 84 40 19 
79 45 71 3 13 
73 27 19 93 90 
43 10 4 18 42 
22 55 88 45 76 
16 34 5 48 80 
24 58 47 32 62 
33 18 50 66 64 
90 22 32 60 34 
60 6 37 5 40 
68 18 61 49 72 
51 55 30 70 46 
4 67 18 50 35 
46 49 5 76 33 
56 66 32 55 6 
70 34 21 22 38 
86 7 14 0 16 
51 50 53 66 69 
28 0 49 99 34 
1 34 55 24 40 
29 75 64 91 6 
49 39 13 47 91 
78 9 12 56 60 
78 21 4 18 96 
45 56 92 39 96 
37 14 50 42 79 
79 91 16 49 65 
41 4 16 86 9 
64 47 8 2 60 
48 51 31 21 76 
62 66 76 92 59 
67 87 69 89 21 
48 49 83 36 83 
18 27 62 6 7 
51 79 19 17 46 
48 62 83 82 75 
92 25 36 41 67 
81 68 51 74 3 
56 22 60 2 83 
60 72 3 51 88 
12 82 46 41 46 
24 83 93 66 32 
53 94 81 32 84 
40 78 70 8 97 
43 73 6 4 2 
14 40 44 68 12 
28 29 73 75 64 
81 14 48 8 68 
44 80 80 32 42 
72 80 66 52 79 
6 5 48 70 87 
41 57 4 56 67 
91 16 78 15 30 
28 4 81 67 59 
36 49 19 46 24 
69 25 6 58 9 
90 5 70 5 50 
44 15 53 22 64 
81 8 60 72 86 
57 7 53 50 59 
44 14 11 0 0 
27 56 85 23 89 
17 68 12 80 88 
66 77 31 31 6 
54 59 42 45 37 
95 94 15 84 7 
26 62 63 36 69 
61 83 58 25 88 
28 99 46 95 22 
47 93 84 61 65 
2 17 55 65 76 
21 48 94 77 97 
93 86 37 38 6 
63 47 25 52 84 
89 91 71 4 32 
90 11 23 24 55 
2 63 61 54 85 
93 2 43 58 64 
64 95 85 25 31 
98 58 95 4 66 
43 57 58 64 18 
30 23 1 93 31 
38 44 7 4 98 
65 26 0 44 89 
3 94 53 81 66 
4 66 56 43 89 
96 41 43 32 80 
52 39 26 59 28 
30 36 33 9 81 
89 35 15 40 13 
79 30 87 95 67 
11 26 72 16 23 
20 57 76 55 30 
77 49 60 39 34 
81 83 75 10 19 
80 4 77 88 50 
48 69 21 74 49 
36 22 57 42 21 
64 39 19 38 87 
62 30 97 7 58 
94 18 52 94 32 
96 20 47 56 18 
63 0 54 75 69 
57 2 45 67 8 
13 19 3 16 38 
93 5 0 92 72 
6 88 84 66 33 
42 56 82 66 4 
21 52 34 7 50 
52 60 51 59 69 
73 62 89 37 71 
26 14 41 99 19 
83 25 72 49 56 
57 10 85 29 62 
39 5 18 76 1 
33 80 56 48 25 
70 53 13 40 8 
55 54 78 83 23 
64 89 61 81 15 
12 96 59 1 0 
77 1 58 76 5 
78 90 21 75 18 
28 13 55 92 45 
75 59 94 80 42 
89 42 92 61 64 
44 55 11 26 1 
86 80 53 10 28 
4 76 37 23 26 
21 11 44 16 72 
43 99 17 54 18 
56 23 75 19 4 
30 21 89 86 45 
71 99 99 95 25 
35 92 9 92 22 
51 58 20 14 13 
35 11 17 27 32 
53 94 34 26 22 
38 47 82 12 32 
54 82 90 96 46 
71 17 32 42 11 
20 60 55 72 97 
48 2 32 37 87 
43 98 76 30 42 
17 51 2 29 12 
37 98 42 18 17 
89 87 47 4 98 
47 62 30 36 38 
40 27 72 83 40 
50 45 57 81 22 
80 57 34 79 8 
23 32 84 19 51 
17 50 1 44 74 
83 5 53 46 60 
21 36 82 76 91 
81 24 50 10 40 
24 48 66 30 75 
65 43 27 6 24 
30 55 43 95 81 
71 58 70 96 18 
47 19 16 46 66 
26 77 59 43 77 
23 25 55 98 52 
25 42 4 16 67 
42 87 48 45 56 
58 96 47 50 1 
23 82 13 87 45 
58 80 46 81 61 
92 38 51 71 18 
0 11 19 30 23 
62 67 68 15 88 
50 16 15 43 81 
18 96 12 88 24 
44 51 26 56 60 
59 76 65 14 15 
2 5 2 22 30 
38 91 6 42 61 
44 47 84 52 16 
6 40 78 99 60 
32 97 10 39 30 
78 44 77 35 53 
86 98 35 24 39 
39 93 28 44 31 
4 7 92 25 66 
86 40 28 24 62 
37 78 50 74 4 
4 45 79 26 36 
18 16 3 37 12 
63 33 55 81 31 
22 42 25 15 98 
97 32 43 42 10 
25 18 23 12 59 
0 51 31 75 37 
89 51 13 10 56 
59 75 30 58 4 
52 71 33 71 6 
42 53 11 27 80 
11 7 96 78 29 
82 86 88 15 27 
84 18 34 72 89 
23 0 53 60 45 
75 30 37 76 24 
37 78 90 70 57 
6 19 39 0 52 
19 39 85 35 12 
56 93 33 0 17 
27 25 11 30 59 
94 12 99 81 49 
38 77 53 29 81 
81 32 5 14 22 
28 37 3 29 57 
91 46 78 85 77 
77 78 17 10 94 
43 44 1 52 64 
79 74 49 10 86 
80 49 70 7 37 
84 91 88 24 7 
26 41 13 65 48 
18 64 91 81 82 
47 24 39 1 1 
63 56 55 15 97 
80 97 10 12 40 
59 25 48 83 63 
44 92 75 22 77 
8 8 96 6 72 
5 37 48 21 22 
9 75 98 48 15 
49 39 10 69 59 
5 53 7 73 92 
3 66 26 96 13 
23 0 13 68 17 
8 91 51 71 5 
2 63 9 98 22 
36 68 2 61 30 
75 0 75 83 45 
25 99 57 65 24 
13 89 77 8 19 
73 62 6 39 8 
47 55 81 76 96 
38 85 32 1 73 
84 2 15 28 88 
95 37 78 49 89 
15 24 81 14 56 
80 94 75 78 58 
90 13 2 45 44 
3 91 28 49 36 
6 10 97 63 76 
71 59 5 93 31 
26 17 33 5 22 
11 7 65 6 89 
31 90 31 65 79 
35 33 29 70 27 
29 31 85 70 46 
49 71 81 16 84 
58 69 10 55 26 
72 7 27 50 61 
91 8 45 85 34 
39 99 62 66 38 
36 23 85 26 76 
56 85 68 35 43 
3 22 22 83 13 
93 23 96 55 27 
46 43 81 57 69 
92 83 38 17 41 
85 85 45 32 28 
13 63 48 29 63 
65 64 16 29 81 
77 79 53 44 37 
36 31 31 63 76 
30 43 49 14 79 
3 32 36 32 83 
99 52 4 67 7 
25 48 8 53 31 
34 39 35 20 27 
68 56 1 43 80 
54 73 91 62 95 
12 70 94 40 30 
37 87 27 0 63 
83 67 55 73 9 
72 73 21 2 50 
45 81 95 72 82 
22 42 91 34 46 
46 91 75 71 4 
16 6 1 56 17 
96 9 17 47 66 
59 99 87 48 57 
93 29 96 81 86 
97 95 14 8 63 
56 61 41 31 20 
25 57 20 42 56 
76 32 44 16 42 
36 2 26 35 18 
13 32 66 20 78 
29 25 75 4 49 
43 32 68 82 49 
34 44 34 13 24 
77 41 27 28 4 
70 80 76 39 69 
29 84 9 88 90 
20 36 31 83 43 
58 80 51 80 28 
15 58 16 93 48 
6 49 83 98 78 
21 45 20 55 14 
89 50 20 29 54 
54 68 36 36 96 
93 0 51 75 11 
27 30 44 89 54 
96 72 83 86 32 
69 21 92 53 61 
99 79 60 35 37 
29 54 78 49 84 
52 3 42 6 28 
93 7 71 32 19 
13 19 66 98 58 
80 28 35 7 48 
65 11 50 10 60 
57 63 85 59 28 
52 61 55 2 43 
82 49 12 37 26 
24 95 95 75 94 
37 23 45 40 80 
77 25 34 8 91 
55 61 92 75 59 
39 91 6 42 44 
43 0 11 59 94 
30 16 97 59 23 
19 55 87 12 16 
34 92 94 20 58 
42 8 46 36 12 
72 78 8 77 46 
79 89 15 4 6 
12 24 97 71 3 
72 8 38 11 66 
26 30 47 59 83 
24 55 54 98 56 
23 28 15 95 36 
44 49 69 89 10 
7 69 86 38 20 
41 65 98 55 16 
33 11 48 41 80 
40 55 25 55 43 
28 36 59 58 48 
24 2 41 31 55 
12 56 51 38 35 
60 87 81 69 69 
87 33 77 46 63 
48 59 0 47 4 
40 92 74 14 13 
16 78 40 2 68 
15 21 86 49 1 
72 65 97 27 28 
66 88 57 94 15 
47 34 27 54 3 
55 4 72 36 54 
35 51 91 34 84 
84 44 65 35 43 
24 80 32 31 46 
80 28 8 61 73 
2 67 45 27 31 
59 53 94 61 97 
64 26 82 43 7 
3 83 76 79 55 
38 79 18 33 65 
33 24 21 40 43 
62 66 86 69 90 
18 91 36 54 40 
44 10 53 86 19 
87 23 94 1 22 
95 62 53 22 71 
99 87 26 32 70 
33 24 72 24 37 
41 84 24 19 11 
49 26 44 19 96 
7 91 49 72 42 
58 14 9 41 77 
32 95 40 7 76 
93 53 57 93 70 
28 75 83 84 1 
3 82 15 76 17 
84 12 68 49 92 
19 40 39 60 17 
18 56 70 2 4 
91 34 82 67 35 
67 10 50 44 43 
66 12 76 4 68 
70 47 13 99 91 
93 44 34 68 87 
21 7 25 44 26 
7 5 6 0 58 
23 39 91 78 81 
25 90 25 30 50 
69 92 78 47 94 
47 1 31 69 89 
1 43 67 82 75 
77 25 0 40 9 
19 6 31 54 43 
68 74 17 34 11 
66 11 1 43 31 
88 35 30 32 20 
95 62 67 73 87 
71 80 97 24 99 
99 90 57 58 15 
3 32 38 73 52 
8 58 5 65 24 
8 79 39 24 9 
28 59 46 32 23 
7 86 51 63 62 
9 33 98 96 91 
70 4 94 3 53 
40 59 57 87 43 
87 22 53 99 95 
30 99 5 93 14 
46 13 69 50 51 
89 8 38 97 41 
35 17 82 66 44 
63 80 70 25 7 
42 43 69 19 72 
58 48 39 66 49 
9 59 89 4 77 
17 94 93 13 62 
89 91 16 12 21 
12 12 51 57 41 
98 4 82 49 80 
67 98 12 82 20 
32 27 75 69 53 
57 13 70 47 56 
35 32 11 32 70 
2 0 59 74 41 
90 90 91 39 57 
42 31 50 34 79 
14 90 71 77 71 
68 93 88 16 40 
37 61 10 34 0 
77 57 28 56 66 
79 72 88 48 75 
20 33 10 51 21 
90 96 15 47 72 
76 86 9 39 72 
91 81 73 69 16 
19 68 26 34 15 
70 30 22 80 67 
68 18 70 31 84 
38 26 40 26 25 
9 54 75 55 46 
21 5 69 20 19 
12 83 35 55 70 
20 2 85 90 47 
69 39 57 81 63 
91 33 10 83 30 
23 41 70 12 2 
90 64 8 44 74 
41 95 97 10 62 
45 58 23 76 28 
27 2 75 59 84 
86 54 41 68 59 
70 10 63 53 12 
1 23 52 16 36 
1 63 72 1 73 
82 16 21 61 88 
11 10 29 88 62 
17 40 88 79 60 
42 87 37 64 15 
88 30 94 80 8 
85 81 79 82 57 
60 95 89 9 36 
12 14 58 96 55 
12 34 3 6 64 
58 49 79 44 26 
82 71 23 0 16 
53 6 86 51 71 
78 24 85 24 5 
17 82 62 97 53 
74 42 27 87 14 
90 56 27 61 78 
58 51 90 14 72 
18 44 99 71 1 
